0.010000 	 0.999983 	 0.003333 	 0.000007 	 0.000000 	 -0.000001 	 -0.001054 
0.020000 	 0.999933 	 0.006666 	 0.000027 	 0.000000 	 -0.000000 	 -0.000004 
0.030000 	 0.999850 	 0.009999 	 0.000060 	 0.000000 	 -0.000000 	 -0.000009 
0.040000 	 0.999733 	 0.013331 	 0.000107 	 0.000001 	 0.000000 	 -0.000000 
0.050000 	 0.999583 	 0.016663 	 0.000167 	 0.000001 	 0.000000 	 -0.000000 
0.060000 	 0.999400 	 0.019993 	 0.000240 	 0.000002 	 0.000000 	 -0.000000 
0.070000 	 0.999184 	 0.023322 	 0.000327 	 0.000003 	 0.000000 	 -0.000000 
0.080000 	 0.998934 	 0.026650 	 0.000426 	 0.000005 	 0.000000 	 0.000000 
0.090000 	 0.998651 	 0.029976 	 0.000540 	 0.000007 	 0.000000 	 -0.000000 
0.100000 	 0.998334 	 0.033300 	 0.000666 	 0.000010 	 0.000000 	 -0.000000 
0.110000 	 0.997985 	 0.036622 	 0.000806 	 0.000013 	 0.000000 	 -0.000000 
0.120000 	 0.997602 	 0.039942 	 0.000959 	 0.000016 	 0.000000 	 0.000000 
0.130000 	 0.997186 	 0.043260 	 0.001125 	 0.000021 	 0.000000 	 0.000000 
0.140000 	 0.996737 	 0.046575 	 0.001305 	 0.000026 	 0.000000 	 0.000000 
0.150000 	 0.996254 	 0.049888 	 0.001498 	 0.000032 	 0.000001 	 0.000000 
0.160000 	 0.995739 	 0.053197 	 0.001704 	 0.000039 	 0.000001 	 0.000000 
0.170000 	 0.995190 	 0.056503 	 0.001923 	 0.000047 	 0.000001 	 0.000000 
0.180000 	 0.994609 	 0.059806 	 0.002155 	 0.000055 	 0.000001 	 0.000000 
0.190000 	 0.993994 	 0.063105 	 0.002400 	 0.000065 	 0.000001 	 0.000000 
0.200000 	 0.993347 	 0.066400 	 0.002659 	 0.000076 	 0.000002 	 0.000000 
0.210000 	 0.992666 	 0.069692 	 0.002931 	 0.000088 	 0.000002 	 0.000000 
0.220000 	 0.991953 	 0.072979 	 0.003216 	 0.000101 	 0.000002 	 0.000000 
0.230000 	 0.991207 	 0.076262 	 0.003513 	 0.000116 	 0.000003 	 0.000000 
0.240000 	 0.990428 	 0.079540 	 0.003824 	 0.000131 	 0.000004 	 0.000000 
0.250000 	 0.989616 	 0.082814 	 0.004148 	 0.000148 	 0.000004 	 0.000000 
0.260000 	 0.988771 	 0.086082 	 0.004485 	 0.000167 	 0.000005 	 0.000000 
0.270000 	 0.987894 	 0.089346 	 0.004835 	 0.000187 	 0.000006 	 0.000000 
0.280000 	 0.986984 	 0.092604 	 0.005197 	 0.000208 	 0.000006 	 0.000000 
0.290000 	 0.986042 	 0.095856 	 0.005573 	 0.000231 	 0.000007 	 0.000000 
0.300000 	 0.985067 	 0.099103 	 0.005962 	 0.000256 	 0.000009 	 0.000000 
0.310000 	 0.984060 	 0.102344 	 0.006363 	 0.000282 	 0.000010 	 0.000000 
0.320000 	 0.983021 	 0.105578 	 0.006777 	 0.000310 	 0.000011 	 0.000000 
0.330000 	 0.981949 	 0.108807 	 0.007204 	 0.000340 	 0.000012 	 0.000000 
0.340000 	 0.980844 	 0.112029 	 0.007643 	 0.000372 	 0.000014 	 0.000000 
0.350000 	 0.979708 	 0.115244 	 0.008095 	 0.000406 	 0.000016 	 0.000001 
0.360000 	 0.978540 	 0.118452 	 0.008560 	 0.000441 	 0.000018 	 0.000001 
0.370000 	 0.977339 	 0.121653 	 0.009038 	 0.000479 	 0.000020 	 0.000001 
0.380000 	 0.976106 	 0.124847 	 0.009528 	 0.000518 	 0.000022 	 0.000001 
0.390000 	 0.974842 	 0.128033 	 0.010030 	 0.000560 	 0.000024 	 0.000001 
0.400000 	 0.973546 	 0.131212 	 0.010545 	 0.000604 	 0.000027 	 0.000001 
0.410000 	 0.972218 	 0.134383 	 0.011073 	 0.000650 	 0.000030 	 0.000001 
0.420000 	 0.970858 	 0.137546 	 0.011613 	 0.000699 	 0.000033 	 0.000001 
0.430000 	 0.969467 	 0.140701 	 0.012165 	 0.000749 	 0.000036 	 0.000001 
0.440000 	 0.968044 	 0.143847 	 0.012729 	 0.000803 	 0.000039 	 0.000002 
0.450000 	 0.966590 	 0.146984 	 0.013306 	 0.000858 	 0.000043 	 0.000002 
0.460000 	 0.965105 	 0.150113 	 0.013895 	 0.000916 	 0.000047 	 0.000002 
0.470000 	 0.963588 	 0.153233 	 0.014496 	 0.000977 	 0.000051 	 0.000002 
0.480000 	 0.962040 	 0.156344 	 0.015109 	 0.001040 	 0.000056 	 0.000002 
0.490000 	 0.960461 	 0.159445 	 0.015734 	 0.001106 	 0.000060 	 0.000003 
0.500000 	 0.958851 	 0.162537 	 0.016371 	 0.001174 	 0.000065 	 0.000003 
0.510000 	 0.957210 	 0.165619 	 0.017020 	 0.001245 	 0.000071 	 0.000003 
0.520000 	 0.955539 	 0.168691 	 0.017681 	 0.001319 	 0.000076 	 0.000004 
0.530000 	 0.953836 	 0.171754 	 0.018354 	 0.001396 	 0.000082 	 0.000004 
0.540000 	 0.952104 	 0.174806 	 0.019038 	 0.001476 	 0.000089 	 0.000004 
0.550000 	 0.950340 	 0.177847 	 0.019735 	 0.001558 	 0.000096 	 0.000005 
0.560000 	 0.948547 	 0.180878 	 0.020442 	 0.001644 	 0.000103 	 0.000005 
0.570000 	 0.946723 	 0.183898 	 0.021162 	 0.001732 	 0.000110 	 0.000006 
0.580000 	 0.944869 	 0.186907 	 0.021893 	 0.001824 	 0.000118 	 0.000006 
0.590000 	 0.942985 	 0.189905 	 0.022635 	 0.001918 	 0.000126 	 0.000007 
0.600000 	 0.941071 	 0.192892 	 0.023389 	 0.002016 	 0.000135 	 0.000007 
0.610000 	 0.939127 	 0.195867 	 0.024154 	 0.002117 	 0.000144 	 0.000008 
0.620000 	 0.937153 	 0.198831 	 0.024931 	 0.002222 	 0.000154 	 0.000009 
0.630000 	 0.935150 	 0.201782 	 0.025718 	 0.002329 	 0.000164 	 0.000009 
0.640000 	 0.933118 	 0.204722 	 0.026517 	 0.002440 	 0.000174 	 0.000010 
0.650000 	 0.931056 	 0.207650 	 0.027327 	 0.002555 	 0.000185 	 0.000011 
0.660000 	 0.928965 	 0.210565 	 0.028147 	 0.002672 	 0.000197 	 0.000012 
0.670000 	 0.926845 	 0.213467 	 0.028979 	 0.002794 	 0.000209 	 0.000013 
0.680000 	 0.924696 	 0.216357 	 0.029821 	 0.002918 	 0.000222 	 0.000014 
0.690000 	 0.922518 	 0.219234 	 0.030675 	 0.003047 	 0.000235 	 0.000015 
0.700000 	 0.920311 	 0.222098 	 0.031539 	 0.003179 	 0.000248 	 0.000016 
0.710000 	 0.918076 	 0.224949 	 0.032413 	 0.003314 	 0.000263 	 0.000017 
0.720000 	 0.915812 	 0.227787 	 0.033299 	 0.003454 	 0.000278 	 0.000018 
0.730000 	 0.913520 	 0.230610 	 0.034194 	 0.003597 	 0.000293 	 0.000020 
0.740000 	 0.911200 	 0.233421 	 0.035100 	 0.003743 	 0.000310 	 0.000021 
0.750000 	 0.908852 	 0.236217 	 0.036017 	 0.003894 	 0.000326 	 0.000022 
0.760000 	 0.906476 	 0.238999 	 0.036943 	 0.004048 	 0.000344 	 0.000024 
0.770000 	 0.904072 	 0.241768 	 0.037880 	 0.004207 	 0.000362 	 0.000025 
0.780000 	 0.901640 	 0.244521 	 0.038827 	 0.004369 	 0.000381 	 0.000027 
0.790000 	 0.899181 	 0.247261 	 0.039784 	 0.004535 	 0.000401 	 0.000029 
0.800000 	 0.896695 	 0.249986 	 0.040751 	 0.004705 	 0.000421 	 0.000031 
0.810000 	 0.894182 	 0.252695 	 0.041727 	 0.004880 	 0.000442 	 0.000033 
0.820000 	 0.891641 	 0.255390 	 0.042714 	 0.005058 	 0.000464 	 0.000035 
0.830000 	 0.889074 	 0.258070 	 0.043710 	 0.005240 	 0.000487 	 0.000037 
0.840000 	 0.886480 	 0.260735 	 0.044715 	 0.005427 	 0.000510 	 0.000039 
0.850000 	 0.883859 	 0.263384 	 0.045730 	 0.005618 	 0.000534 	 0.000042 
0.860000 	 0.881212 	 0.266017 	 0.046755 	 0.005813 	 0.000560 	 0.000044 
0.870000 	 0.878539 	 0.268635 	 0.047789 	 0.006012 	 0.000586 	 0.000047 
0.880000 	 0.875840 	 0.271237 	 0.048832 	 0.006216 	 0.000613 	 0.000049 
0.890000 	 0.873114 	 0.273823 	 0.049884 	 0.006424 	 0.000640 	 0.000052 
0.900000 	 0.870363 	 0.276393 	 0.050945 	 0.006636 	 0.000669 	 0.000055 
0.910000 	 0.867587 	 0.278946 	 0.052015 	 0.006853 	 0.000699 	 0.000058 
0.920000 	 0.864784 	 0.281483 	 0.053094 	 0.007074 	 0.000729 	 0.000061 
0.930000 	 0.861957 	 0.284003 	 0.054182 	 0.007300 	 0.000761 	 0.000065 
0.940000 	 0.859104 	 0.286507 	 0.055279 	 0.007530 	 0.000794 	 0.000068 
0.950000 	 0.856227 	 0.288993 	 0.056384 	 0.007764 	 0.000827 	 0.000072 
0.960000 	 0.853325 	 0.291463 	 0.057498 	 0.008004 	 0.000862 	 0.000076 
0.970000 	 0.850398 	 0.293916 	 0.058620 	 0.008247 	 0.000897 	 0.000080 
0.980000 	 0.847446 	 0.296351 	 0.059750 	 0.008496 	 0.000934 	 0.000084 
0.990000 	 0.844471 	 0.298769 	 0.060888 	 0.008749 	 0.000972 	 0.000088 
1.000000 	 0.841471 	 0.301169 	 0.062035 	 0.009007 	 0.001011 	 0.000093 
1.010000 	 0.838447 	 0.303551 	 0.063190 	 0.009269 	 0.001051 	 0.000097 
1.020000 	 0.835400 	 0.305916 	 0.064352 	 0.009536 	 0.001092 	 0.000102 
1.030000 	 0.832329 	 0.308262 	 0.065523 	 0.009808 	 0.001135 	 0.000107 
1.040000 	 0.829235 	 0.310591 	 0.066701 	 0.010085 	 0.001178 	 0.000112 
1.050000 	 0.826117 	 0.312901 	 0.067886 	 0.010366 	 0.001223 	 0.000118 
1.060000 	 0.822977 	 0.315193 	 0.069079 	 0.010653 	 0.001269 	 0.000123 
1.070000 	 0.819814 	 0.317467 	 0.070280 	 0.010944 	 0.001316 	 0.000129 
1.080000 	 0.816628 	 0.319722 	 0.071488 	 0.011240 	 0.001365 	 0.000135 
1.090000 	 0.813419 	 0.321958 	 0.072703 	 0.011541 	 0.001415 	 0.000141 
1.100000 	 0.810189 	 0.324175 	 0.073925 	 0.011847 	 0.001466 	 0.000148 
1.110000 	 0.806936 	 0.326373 	 0.075154 	 0.012158 	 0.001519 	 0.000155 
1.120000 	 0.803661 	 0.328552 	 0.076390 	 0.012474 	 0.001572 	 0.000162 
1.130000 	 0.800365 	 0.330712 	 0.077633 	 0.012795 	 0.001628 	 0.000169 
1.140000 	 0.797047 	 0.332853 	 0.078882 	 0.013121 	 0.001684 	 0.000176 
1.150000 	 0.793708 	 0.334974 	 0.080138 	 0.013452 	 0.001742 	 0.000184 
1.160000 	 0.790348 	 0.337076 	 0.081400 	 0.013788 	 0.001802 	 0.000192 
1.170000 	 0.786966 	 0.339158 	 0.082669 	 0.014129 	 0.001863 	 0.000200 
1.180000 	 0.783564 	 0.341220 	 0.083944 	 0.014475 	 0.001925 	 0.000209 
1.190000 	 0.780142 	 0.343262 	 0.085225 	 0.014826 	 0.001989 	 0.000217 
1.200000 	 0.776699 	 0.345285 	 0.086512 	 0.015183 	 0.002055 	 0.000226 
1.210000 	 0.773236 	 0.347287 	 0.087805 	 0.015544 	 0.002122 	 0.000236 
1.220000 	 0.769754 	 0.349269 	 0.089104 	 0.015911 	 0.002190 	 0.000245 
1.230000 	 0.766251 	 0.351230 	 0.090408 	 0.016283 	 0.002260 	 0.000255 
1.240000 	 0.762729 	 0.353172 	 0.091718 	 0.016660 	 0.002332 	 0.000266 
1.250000 	 0.759188 	 0.355092 	 0.093034 	 0.017043 	 0.002405 	 0.000276 
1.260000 	 0.755627 	 0.356992 	 0.094355 	 0.017430 	 0.002480 	 0.000287 
1.270000 	 0.752048 	 0.358872 	 0.095680 	 0.017823 	 0.002557 	 0.000299 
1.280000 	 0.748450 	 0.360730 	 0.097012 	 0.018221 	 0.002636 	 0.000310 
1.290000 	 0.744833 	 0.362568 	 0.098348 	 0.018625 	 0.002716 	 0.000322 
1.300000 	 0.741199 	 0.364384 	 0.099689 	 0.019033 	 0.002798 	 0.000335 
1.310000 	 0.737546 	 0.366180 	 0.101034 	 0.019447 	 0.002881 	 0.000347 
1.320000 	 0.733875 	 0.367954 	 0.102385 	 0.019866 	 0.002967 	 0.000360 
1.330000 	 0.730187 	 0.369707 	 0.103739 	 0.020291 	 0.003054 	 0.000374 
1.340000 	 0.726481 	 0.371439 	 0.105099 	 0.020721 	 0.003143 	 0.000388 
1.350000 	 0.722758 	 0.373149 	 0.106462 	 0.021156 	 0.003234 	 0.000402 
1.360000 	 0.719018 	 0.374838 	 0.107830 	 0.021596 	 0.003326 	 0.000417 
1.370000 	 0.715261 	 0.376505 	 0.109202 	 0.022042 	 0.003421 	 0.000432 
1.380000 	 0.711488 	 0.378150 	 0.110578 	 0.022493 	 0.003518 	 0.000447 
1.390000 	 0.707698 	 0.379774 	 0.111957 	 0.022949 	 0.003616 	 0.000463 
1.400000 	 0.703893 	 0.381375 	 0.113340 	 0.023411 	 0.003716 	 0.000480 
1.410000 	 0.700071 	 0.382955 	 0.114727 	 0.023879 	 0.003819 	 0.000496 
1.420000 	 0.696234 	 0.384513 	 0.116117 	 0.024351 	 0.003923 	 0.000514 
1.430000 	 0.692381 	 0.386048 	 0.117511 	 0.024829 	 0.004030 	 0.000532 
1.440000 	 0.688513 	 0.387562 	 0.118908 	 0.025312 	 0.004138 	 0.000550 
1.450000 	 0.684630 	 0.389053 	 0.120308 	 0.025801 	 0.004248 	 0.000568 
1.460000 	 0.680732 	 0.390522 	 0.121711 	 0.026295 	 0.004361 	 0.000588 
1.470000 	 0.676819 	 0.391968 	 0.123116 	 0.026794 	 0.004476 	 0.000607 
1.480000 	 0.672892 	 0.393392 	 0.124525 	 0.027299 	 0.004592 	 0.000628 
1.490000 	 0.668952 	 0.394794 	 0.125936 	 0.027809 	 0.004711 	 0.000648 
1.500000 	 0.664997 	 0.396173 	 0.127349 	 0.028325 	 0.004832 	 0.000670 
1.510000 	 0.661028 	 0.397529 	 0.128765 	 0.028845 	 0.004956 	 0.000691 
1.520000 	 0.657046 	 0.398863 	 0.130183 	 0.029372 	 0.005081 	 0.000714 
1.530000 	 0.653051 	 0.400174 	 0.131604 	 0.029903 	 0.005209 	 0.000737 
1.540000 	 0.649043 	 0.401462 	 0.133026 	 0.030440 	 0.005339 	 0.000760 
1.550000 	 0.645022 	 0.402727 	 0.134450 	 0.030982 	 0.005471 	 0.000784 
1.560000 	 0.640988 	 0.403969 	 0.135876 	 0.031530 	 0.005605 	 0.000809 
1.570000 	 0.636942 	 0.405189 	 0.137303 	 0.032083 	 0.005742 	 0.000834 
1.580000 	 0.632885 	 0.406385 	 0.138732 	 0.032641 	 0.005881 	 0.000860 
1.590000 	 0.628815 	 0.407558 	 0.140163 	 0.033205 	 0.006023 	 0.000886 
1.600000 	 0.624734 	 0.408708 	 0.141594 	 0.033774 	 0.006167 	 0.000914 
1.610000 	 0.620641 	 0.409835 	 0.143027 	 0.034348 	 0.006313 	 0.000941 
1.620000 	 0.616537 	 0.410939 	 0.144461 	 0.034928 	 0.006462 	 0.000970 
1.630000 	 0.612422 	 0.412019 	 0.145895 	 0.035513 	 0.006613 	 0.000999 
1.640000 	 0.608297 	 0.413076 	 0.147331 	 0.036103 	 0.006766 	 0.001028 
1.650000 	 0.604161 	 0.414110 	 0.148767 	 0.036698 	 0.006922 	 0.001059 
1.660000 	 0.600014 	 0.415120 	 0.150203 	 0.037299 	 0.007081 	 0.001090 
1.670000 	 0.595858 	 0.416107 	 0.151640 	 0.037905 	 0.007242 	 0.001122 
1.680000 	 0.591692 	 0.417071 	 0.153077 	 0.038516 	 0.007405 	 0.001154 
1.690000 	 0.587517 	 0.418011 	 0.154514 	 0.039132 	 0.007571 	 0.001187 
1.700000 	 0.583332 	 0.418927 	 0.155952 	 0.039754 	 0.007740 	 0.001221 
1.710000 	 0.579138 	 0.419820 	 0.157389 	 0.040380 	 0.007911 	 0.001256 
1.720000 	 0.574936 	 0.420690 	 0.158826 	 0.041012 	 0.008085 	 0.001291 
1.730000 	 0.570725 	 0.421536 	 0.160262 	 0.041649 	 0.008261 	 0.001327 
1.740000 	 0.566505 	 0.422358 	 0.161698 	 0.042291 	 0.008440 	 0.001364 
1.750000 	 0.562278 	 0.423156 	 0.163133 	 0.042939 	 0.008622 	 0.001402 
1.760000 	 0.558042 	 0.423931 	 0.164568 	 0.043591 	 0.008806 	 0.001441 
1.770000 	 0.553799 	 0.424682 	 0.166002 	 0.044249 	 0.008993 	 0.001480 
1.780000 	 0.549549 	 0.425410 	 0.167434 	 0.044911 	 0.009183 	 0.001520 
1.790000 	 0.545291 	 0.426114 	 0.168866 	 0.045579 	 0.009376 	 0.001561 
1.800000 	 0.541026 	 0.426794 	 0.170296 	 0.046252 	 0.009571 	 0.001603 
1.810000 	 0.536755 	 0.427450 	 0.171725 	 0.046929 	 0.009769 	 0.001646 
1.820000 	 0.532478 	 0.428082 	 0.173153 	 0.047612 	 0.009970 	 0.001689 
1.830000 	 0.528194 	 0.428691 	 0.174579 	 0.048299 	 0.010173 	 0.001734 
1.840000 	 0.523904 	 0.429276 	 0.176003 	 0.048992 	 0.010380 	 0.001779 
1.850000 	 0.519608 	 0.429837 	 0.177425 	 0.049689 	 0.010589 	 0.001825 
1.860000 	 0.515307 	 0.430374 	 0.178845 	 0.050392 	 0.010801 	 0.001873 
1.870000 	 0.511001 	 0.430888 	 0.180263 	 0.051099 	 0.011016 	 0.001921 
1.880000 	 0.506689 	 0.431377 	 0.181679 	 0.051811 	 0.011234 	 0.001970 
1.890000 	 0.502373 	 0.431843 	 0.183092 	 0.052528 	 0.011455 	 0.002020 
1.900000 	 0.498053 	 0.432285 	 0.184503 	 0.053249 	 0.011679 	 0.002070 
1.910000 	 0.493728 	 0.432704 	 0.185912 	 0.053976 	 0.011905 	 0.002122 
1.920000 	 0.489399 	 0.433098 	 0.187317 	 0.054707 	 0.012135 	 0.002175 
1.930000 	 0.485066 	 0.433469 	 0.188720 	 0.055443 	 0.012367 	 0.002229 
1.940000 	 0.480729 	 0.433816 	 0.190119 	 0.056183 	 0.012603 	 0.002284 
1.950000 	 0.476390 	 0.434139 	 0.191516 	 0.056928 	 0.012841 	 0.002340 
1.960000 	 0.472047 	 0.434438 	 0.192909 	 0.057678 	 0.013083 	 0.002397 
1.970000 	 0.467701 	 0.434714 	 0.194299 	 0.058432 	 0.013327 	 0.002455 
1.980000 	 0.463353 	 0.434965 	 0.195686 	 0.059191 	 0.013575 	 0.002514 
1.990000 	 0.459002 	 0.435193 	 0.197069 	 0.059954 	 0.013826 	 0.002574 
2.000000 	 0.454649 	 0.435398 	 0.198448 	 0.060722 	 0.014079 	 0.002635 
2.010000 	 0.450294 	 0.435578 	 0.199823 	 0.061494 	 0.014336 	 0.002697 
2.020000 	 0.445937 	 0.435735 	 0.201195 	 0.062271 	 0.014596 	 0.002761 
2.030000 	 0.441579 	 0.435869 	 0.202562 	 0.063052 	 0.014859 	 0.002825 
2.040000 	 0.437220 	 0.435978 	 0.203925 	 0.063837 	 0.015125 	 0.002891 
2.050000 	 0.432860 	 0.436065 	 0.205284 	 0.064627 	 0.015394 	 0.002958 
2.060000 	 0.428499 	 0.436127 	 0.206638 	 0.065421 	 0.015667 	 0.003026 
2.070000 	 0.424137 	 0.436166 	 0.207988 	 0.066219 	 0.015942 	 0.003095 
2.080000 	 0.419775 	 0.436182 	 0.209332 	 0.067022 	 0.016221 	 0.003165 
2.090000 	 0.415414 	 0.436173 	 0.210673 	 0.067828 	 0.016503 	 0.003237 
2.100000 	 0.411052 	 0.436142 	 0.212008 	 0.068639 	 0.016788 	 0.003309 
2.110000 	 0.406691 	 0.436087 	 0.213338 	 0.069453 	 0.017076 	 0.003383 
2.120000 	 0.402330 	 0.436009 	 0.214663 	 0.070272 	 0.017368 	 0.003459 
2.130000 	 0.397971 	 0.435907 	 0.215983 	 0.071095 	 0.017662 	 0.003535 
2.140000 	 0.393612 	 0.435782 	 0.217297 	 0.071922 	 0.017960 	 0.003613 
2.150000 	 0.389255 	 0.435634 	 0.218606 	 0.072752 	 0.018262 	 0.003692 
2.160000 	 0.384900 	 0.435462 	 0.219909 	 0.073587 	 0.018566 	 0.003772 
2.170000 	 0.380546 	 0.435268 	 0.221207 	 0.074425 	 0.018874 	 0.003853 
2.180000 	 0.376194 	 0.435050 	 0.222498 	 0.075267 	 0.019185 	 0.003936 
2.190000 	 0.371845 	 0.434809 	 0.223784 	 0.076113 	 0.019499 	 0.004020 
2.200000 	 0.367498 	 0.434545 	 0.225063 	 0.076962 	 0.019817 	 0.004106 
2.210000 	 0.363154 	 0.434258 	 0.226337 	 0.077815 	 0.020138 	 0.004193 
2.220000 	 0.358813 	 0.433948 	 0.227604 	 0.078672 	 0.020462 	 0.004281 
2.230000 	 0.354475 	 0.433616 	 0.228864 	 0.079532 	 0.020789 	 0.004371 
2.240000 	 0.350141 	 0.433260 	 0.230118 	 0.080396 	 0.021120 	 0.004462 
2.250000 	 0.345810 	 0.432882 	 0.231365 	 0.081263 	 0.021454 	 0.004554 
2.260000 	 0.341483 	 0.432481 	 0.232606 	 0.082134 	 0.021792 	 0.004648 
2.270000 	 0.337161 	 0.432057 	 0.233840 	 0.083008 	 0.022133 	 0.004743 
2.280000 	 0.332842 	 0.431611 	 0.235066 	 0.083886 	 0.022477 	 0.004840 
2.290000 	 0.328529 	 0.431142 	 0.236286 	 0.084766 	 0.022825 	 0.004938 
2.300000 	 0.324220 	 0.430650 	 0.237498 	 0.085650 	 0.023176 	 0.005037 
2.310000 	 0.319916 	 0.430137 	 0.238703 	 0.086537 	 0.023530 	 0.005139 
2.320000 	 0.315617 	 0.429600 	 0.239901 	 0.087427 	 0.023888 	 0.005241 
2.330000 	 0.311324 	 0.429042 	 0.241091 	 0.088320 	 0.024249 	 0.005345 
2.340000 	 0.307036 	 0.428461 	 0.242273 	 0.089216 	 0.024613 	 0.005451 
2.350000 	 0.302755 	 0.427859 	 0.243448 	 0.090116 	 0.024981 	 0.005558 
2.360000 	 0.298479 	 0.427234 	 0.244615 	 0.091018 	 0.025353 	 0.005667 
2.370000 	 0.294210 	 0.426587 	 0.245773 	 0.091922 	 0.025728 	 0.005777 
2.380000 	 0.289947 	 0.425918 	 0.246924 	 0.092830 	 0.026106 	 0.005889 
2.390000 	 0.285692 	 0.425228 	 0.248067 	 0.093741 	 0.026487 	 0.006002 
2.400000 	 0.281443 	 0.424515 	 0.249201 	 0.094654 	 0.026872 	 0.006117 
2.410000 	 0.277201 	 0.423781 	 0.250327 	 0.095569 	 0.027261 	 0.006234 
2.420000 	 0.272967 	 0.423026 	 0.251445 	 0.096488 	 0.027652 	 0.006352 
2.430000 	 0.268741 	 0.422248 	 0.252553 	 0.097409 	 0.028048 	 0.006472 
2.440000 	 0.264523 	 0.421450 	 0.253654 	 0.098332 	 0.028446 	 0.006593 
2.450000 	 0.260312 	 0.420630 	 0.254745 	 0.099258 	 0.028849 	 0.006716 
2.460000 	 0.256110 	 0.419789 	 0.255827 	 0.100186 	 0.029254 	 0.006841 
2.470000 	 0.251916 	 0.418926 	 0.256901 	 0.101116 	 0.029663 	 0.006968 
2.480000 	 0.247732 	 0.418043 	 0.257965 	 0.102049 	 0.030075 	 0.007096 
2.490000 	 0.243556 	 0.417138 	 0.259021 	 0.102984 	 0.030491 	 0.007226 
2.500000 	 0.239389 	 0.416213 	 0.260067 	 0.103920 	 0.030911 	 0.007358 
2.510000 	 0.235231 	 0.415267 	 0.261103 	 0.104859 	 0.031333 	 0.007491 
2.520000 	 0.231084 	 0.414300 	 0.262131 	 0.105800 	 0.031759 	 0.007626 
2.530000 	 0.226946 	 0.413312 	 0.263148 	 0.106743 	 0.032189 	 0.007763 
2.540000 	 0.222817 	 0.412304 	 0.264156 	 0.107688 	 0.032622 	 0.007902 
2.550000 	 0.218699 	 0.411276 	 0.265154 	 0.108635 	 0.033058 	 0.008042 
2.560000 	 0.214592 	 0.410227 	 0.266143 	 0.109583 	 0.033498 	 0.008184 
2.570000 	 0.210495 	 0.409158 	 0.267121 	 0.110533 	 0.033942 	 0.008329 
2.580000 	 0.206409 	 0.408069 	 0.268089 	 0.111485 	 0.034388 	 0.008474 
2.590000 	 0.202334 	 0.406959 	 0.269048 	 0.112438 	 0.034838 	 0.008622 
2.600000 	 0.198270 	 0.405830 	 0.269996 	 0.113393 	 0.035292 	 0.008772 
2.610000 	 0.194217 	 0.404681 	 0.270934 	 0.114349 	 0.035749 	 0.008923 
2.620000 	 0.190176 	 0.403513 	 0.271861 	 0.115306 	 0.036209 	 0.009076 
2.630000 	 0.186147 	 0.402324 	 0.272778 	 0.116265 	 0.036673 	 0.009232 
2.640000 	 0.182130 	 0.401117 	 0.273684 	 0.117225 	 0.037140 	 0.009389 
2.650000 	 0.178125 	 0.399889 	 0.274580 	 0.118187 	 0.037611 	 0.009548 
2.660000 	 0.174132 	 0.398643 	 0.275465 	 0.119149 	 0.038085 	 0.009709 
2.670000 	 0.170152 	 0.397377 	 0.276340 	 0.120112 	 0.038562 	 0.009871 
2.680000 	 0.166185 	 0.396093 	 0.277203 	 0.121077 	 0.039043 	 0.010036 
2.690000 	 0.162230 	 0.394789 	 0.278055 	 0.122042 	 0.039527 	 0.010203 
2.700000 	 0.158289 	 0.393467 	 0.278897 	 0.123008 	 0.040014 	 0.010372 
2.710000 	 0.154361 	 0.392126 	 0.279727 	 0.123975 	 0.040505 	 0.010542 
2.720000 	 0.150446 	 0.390766 	 0.280546 	 0.124943 	 0.040999 	 0.010715 
2.730000 	 0.146546 	 0.389388 	 0.281354 	 0.125912 	 0.041496 	 0.010889 
2.740000 	 0.142659 	 0.387992 	 0.282150 	 0.126880 	 0.041997 	 0.011066 
2.750000 	 0.138786 	 0.386578 	 0.282935 	 0.127850 	 0.042501 	 0.011245 
2.760000 	 0.134927 	 0.385145 	 0.283709 	 0.128820 	 0.043009 	 0.011425 
2.770000 	 0.131083 	 0.383694 	 0.284470 	 0.129790 	 0.043519 	 0.011608 
2.780000 	 0.127253 	 0.382226 	 0.285221 	 0.130761 	 0.044033 	 0.011793 
2.790000 	 0.123439 	 0.380740 	 0.285959 	 0.131732 	 0.044551 	 0.011980 
2.800000 	 0.119639 	 0.379236 	 0.286686 	 0.132703 	 0.045071 	 0.012169 
2.810000 	 0.115854 	 0.377715 	 0.287401 	 0.133674 	 0.045595 	 0.012360 
2.820000 	 0.112084 	 0.376176 	 0.288103 	 0.134645 	 0.046122 	 0.012553 
2.830000 	 0.108330 	 0.374621 	 0.288794 	 0.135616 	 0.046652 	 0.012748 
2.840000 	 0.104592 	 0.373048 	 0.289473 	 0.136587 	 0.047186 	 0.012945 
2.850000 	 0.100869 	 0.371458 	 0.290139 	 0.137558 	 0.047723 	 0.013145 
2.860000 	 0.097163 	 0.369852 	 0.290794 	 0.138529 	 0.048263 	 0.013346 
2.870000 	 0.093472 	 0.368229 	 0.291436 	 0.139499 	 0.048806 	 0.013550 
2.880000 	 0.089798 	 0.366589 	 0.292066 	 0.140469 	 0.049352 	 0.013756 
2.890000 	 0.086141 	 0.364934 	 0.292683 	 0.141438 	 0.049901 	 0.013964 
2.900000 	 0.082500 	 0.363261 	 0.293288 	 0.142407 	 0.050454 	 0.014174 
2.910000 	 0.078876 	 0.361573 	 0.293880 	 0.143376 	 0.051010 	 0.014386 
2.920000 	 0.075268 	 0.359869 	 0.294460 	 0.144343 	 0.051569 	 0.014601 
2.930000 	 0.071678 	 0.358149 	 0.295027 	 0.145310 	 0.052131 	 0.014818 
2.940000 	 0.068105 	 0.356413 	 0.295581 	 0.146276 	 0.052696 	 0.015037 
2.950000 	 0.064550 	 0.354662 	 0.296123 	 0.147242 	 0.053264 	 0.015258 
2.960000 	 0.061012 	 0.352895 	 0.296652 	 0.148206 	 0.053835 	 0.015481 
2.970000 	 0.057492 	 0.351113 	 0.297168 	 0.149169 	 0.054409 	 0.015707 
2.980000 	 0.053990 	 0.349316 	 0.297671 	 0.150131 	 0.054986 	 0.015935 
2.990000 	 0.050506 	 0.347504 	 0.298161 	 0.151092 	 0.055567 	 0.016165 
3.000000 	 0.047040 	 0.345677 	 0.298637 	 0.152052 	 0.056150 	 0.016397 
3.010000 	 0.043592 	 0.343836 	 0.299101 	 0.153010 	 0.056736 	 0.016632 
3.020000 	 0.040163 	 0.341980 	 0.299552 	 0.153967 	 0.057325 	 0.016869 
3.030000 	 0.036753 	 0.340110 	 0.299990 	 0.154922 	 0.057917 	 0.017108 
3.040000 	 0.033361 	 0.338225 	 0.300414 	 0.155876 	 0.058512 	 0.017350 
3.050000 	 0.029988 	 0.336327 	 0.300825 	 0.156829 	 0.059110 	 0.017594 
3.060000 	 0.026635 	 0.334414 	 0.301222 	 0.157779 	 0.059711 	 0.017840 
3.070000 	 0.023300 	 0.332488 	 0.301607 	 0.158728 	 0.060314 	 0.018088 
3.080000 	 0.019985 	 0.330548 	 0.301978 	 0.159675 	 0.060920 	 0.018339 
3.090000 	 0.016689 	 0.328595 	 0.302335 	 0.160620 	 0.061530 	 0.018592 
3.100000 	 0.013413 	 0.326628 	 0.302679 	 0.161563 	 0.062142 	 0.018848 
3.110000 	 0.010157 	 0.324649 	 0.303009 	 0.162504 	 0.062756 	 0.019106 
3.120000 	 0.006920 	 0.322656 	 0.303326 	 0.163443 	 0.063374 	 0.019366 
3.130000 	 0.003704 	 0.320651 	 0.303629 	 0.164380 	 0.063994 	 0.019628 
3.140000 	 0.000507 	 0.318632 	 0.303919 	 0.165315 	 0.064617 	 0.019893 
3.150000 	 -0.002669 	 0.316602 	 0.304194 	 0.166247 	 0.065242 	 0.020160 
3.160000 	 -0.005825 	 0.314559 	 0.304457 	 0.167176 	 0.065871 	 0.020430 
3.170000 	 -0.008960 	 0.312504 	 0.304705 	 0.168103 	 0.066501 	 0.020702 
3.180000 	 -0.012075 	 0.310436 	 0.304939 	 0.169028 	 0.067135 	 0.020976 
3.190000 	 -0.015169 	 0.308357 	 0.305160 	 0.169950 	 0.067771 	 0.021253 
3.200000 	 -0.018242 	 0.306267 	 0.305367 	 0.170869 	 0.068409 	 0.021532 
3.210000 	 -0.021294 	 0.304164 	 0.305560 	 0.171785 	 0.069050 	 0.021814 
3.220000 	 -0.024325 	 0.302050 	 0.305739 	 0.172699 	 0.069694 	 0.022098 
3.230000 	 -0.027335 	 0.299926 	 0.305904 	 0.173610 	 0.070340 	 0.022384 
3.240000 	 -0.030324 	 0.297790 	 0.306055 	 0.174517 	 0.070988 	 0.022673 
3.250000 	 -0.033291 	 0.295643 	 0.306192 	 0.175422 	 0.071639 	 0.022964 
3.260000 	 -0.036236 	 0.293485 	 0.306315 	 0.176323 	 0.072293 	 0.023258 
3.270000 	 -0.039160 	 0.291317 	 0.306424 	 0.177221 	 0.072948 	 0.023554 
3.280000 	 -0.042063 	 0.289138 	 0.306519 	 0.178116 	 0.073606 	 0.023852 
3.290000 	 -0.044943 	 0.286950 	 0.306600 	 0.179007 	 0.074266 	 0.024153 
3.300000 	 -0.047802 	 0.284751 	 0.306666 	 0.179895 	 0.074929 	 0.024457 
3.310000 	 -0.050638 	 0.282542 	 0.306719 	 0.180779 	 0.075594 	 0.024763 
3.320000 	 -0.053453 	 0.280324 	 0.306757 	 0.181660 	 0.076261 	 0.025071 
3.330000 	 -0.056245 	 0.278096 	 0.306781 	 0.182537 	 0.076930 	 0.025382 
3.340000 	 -0.059014 	 0.275858 	 0.306792 	 0.183410 	 0.077601 	 0.025695 
3.350000 	 -0.061762 	 0.273612 	 0.306787 	 0.184280 	 0.078275 	 0.026010 
3.360000 	 -0.064487 	 0.271356 	 0.306769 	 0.185145 	 0.078950 	 0.026329 
3.370000 	 -0.067189 	 0.269092 	 0.306736 	 0.186007 	 0.079628 	 0.026649 
3.380000 	 -0.069868 	 0.266819 	 0.306690 	 0.186864 	 0.080308 	 0.026972 
3.390000 	 -0.072525 	 0.264537 	 0.306629 	 0.187718 	 0.080989 	 0.027298 
3.400000 	 -0.075159 	 0.262247 	 0.306553 	 0.188567 	 0.081673 	 0.027626 
3.410000 	 -0.077770 	 0.259948 	 0.306464 	 0.189412 	 0.082358 	 0.027956 
3.420000 	 -0.080358 	 0.257642 	 0.306360 	 0.190253 	 0.083046 	 0.028289 
3.430000 	 -0.082923 	 0.255328 	 0.306242 	 0.191089 	 0.083735 	 0.028624 
3.440000 	 -0.085465 	 0.253006 	 0.306110 	 0.191920 	 0.084426 	 0.028962 
3.450000 	 -0.087983 	 0.250677 	 0.305963 	 0.192748 	 0.085119 	 0.029303 
3.460000 	 -0.090478 	 0.248340 	 0.305802 	 0.193570 	 0.085814 	 0.029646 
3.470000 	 -0.092950 	 0.245996 	 0.305627 	 0.194388 	 0.086511 	 0.029991 
3.480000 	 -0.095398 	 0.243646 	 0.305437 	 0.195201 	 0.087209 	 0.030339 
3.490000 	 -0.097823 	 0.241288 	 0.305234 	 0.196009 	 0.087909 	 0.030689 
3.500000 	 -0.100224 	 0.238924 	 0.305016 	 0.196813 	 0.088610 	 0.031042 
3.510000 	 -0.102601 	 0.236553 	 0.304783 	 0.197611 	 0.089313 	 0.031397 
3.520000 	 -0.104955 	 0.234176 	 0.304537 	 0.198404 	 0.090018 	 0.031754 
3.530000 	 -0.107285 	 0.231793 	 0.304276 	 0.199193 	 0.090724 	 0.032115 
3.540000 	 -0.109591 	 0.229404 	 0.304001 	 0.199976 	 0.091431 	 0.032477 
3.550000 	 -0.111873 	 0.227009 	 0.303711 	 0.200753 	 0.092141 	 0.032842 
3.560000 	 -0.114131 	 0.224609 	 0.303408 	 0.201526 	 0.092851 	 0.033210 
3.570000 	 -0.116365 	 0.222203 	 0.303090 	 0.202293 	 0.093563 	 0.033580 
3.580000 	 -0.118575 	 0.219792 	 0.302758 	 0.203054 	 0.094276 	 0.033952 
3.590000 	 -0.120761 	 0.217375 	 0.302412 	 0.203810 	 0.094991 	 0.034327 
3.600000 	 -0.122922 	 0.214954 	 0.302051 	 0.204561 	 0.095706 	 0.034705 
3.610000 	 -0.125060 	 0.212529 	 0.301676 	 0.205306 	 0.096423 	 0.035085 
3.620000 	 -0.127173 	 0.210098 	 0.301288 	 0.206045 	 0.097141 	 0.035467 
3.630000 	 -0.129262 	 0.207664 	 0.300885 	 0.206778 	 0.097861 	 0.035852 
3.640000 	 -0.131326 	 0.205225 	 0.300468 	 0.207505 	 0.098581 	 0.036239 
3.650000 	 -0.133366 	 0.202782 	 0.300036 	 0.208227 	 0.099302 	 0.036629 
3.660000 	 -0.135382 	 0.200335 	 0.299591 	 0.208942 	 0.100025 	 0.037021 
3.670000 	 -0.137373 	 0.197885 	 0.299132 	 0.209651 	 0.100748 	 0.037415 
3.680000 	 -0.139339 	 0.195431 	 0.298658 	 0.210355 	 0.101473 	 0.037812 
3.690000 	 -0.141282 	 0.192974 	 0.298171 	 0.211052 	 0.102198 	 0.038212 
3.700000 	 -0.143199 	 0.190514 	 0.297670 	 0.211742 	 0.102924 	 0.038614 
3.710000 	 -0.145092 	 0.188051 	 0.297154 	 0.212427 	 0.103651 	 0.039018 
3.720000 	 -0.146960 	 0.185585 	 0.296625 	 0.213105 	 0.104379 	 0.039425 
3.730000 	 -0.148803 	 0.183116 	 0.296082 	 0.213776 	 0.105107 	 0.039834 
3.740000 	 -0.150622 	 0.180645 	 0.295525 	 0.214441 	 0.105836 	 0.040245 
3.750000 	 -0.152416 	 0.178171 	 0.294954 	 0.215100 	 0.106566 	 0.040659 
3.760000 	 -0.154186 	 0.175696 	 0.294369 	 0.215752 	 0.107297 	 0.041076 
3.770000 	 -0.155930 	 0.173219 	 0.293770 	 0.216397 	 0.108028 	 0.041494 
3.780000 	 -0.157650 	 0.170740 	 0.293158 	 0.217035 	 0.108759 	 0.041915 
3.790000 	 -0.159345 	 0.168259 	 0.292532 	 0.217667 	 0.109491 	 0.042339 
3.800000 	 -0.161015 	 0.165777 	 0.291892 	 0.218291 	 0.110224 	 0.042765 
3.810000 	 -0.162661 	 0.163294 	 0.291238 	 0.218909 	 0.110956 	 0.043193 
3.820000 	 -0.164281 	 0.160809 	 0.290571 	 0.219519 	 0.111689 	 0.043623 
3.830000 	 -0.165877 	 0.158324 	 0.289891 	 0.220123 	 0.112423 	 0.044056 
3.840000 	 -0.167448 	 0.155838 	 0.289196 	 0.220719 	 0.113157 	 0.044491 
3.850000 	 -0.168994 	 0.153352 	 0.288489 	 0.221309 	 0.113890 	 0.044929 
3.860000 	 -0.170515 	 0.150865 	 0.287768 	 0.221890 	 0.114625 	 0.045369 
3.870000 	 -0.172011 	 0.148378 	 0.287033 	 0.222465 	 0.115359 	 0.045811 
3.880000 	 -0.173482 	 0.145892 	 0.286285 	 0.223032 	 0.116093 	 0.046255 
3.890000 	 -0.174929 	 0.143405 	 0.285524 	 0.223592 	 0.116827 	 0.046702 
3.900000 	 -0.176350 	 0.140918 	 0.284749 	 0.224145 	 0.117562 	 0.047151 
3.910000 	 -0.177747 	 0.138433 	 0.283961 	 0.224689 	 0.118296 	 0.047603 
3.920000 	 -0.179119 	 0.135947 	 0.283160 	 0.225226 	 0.119030 	 0.048056 
3.930000 	 -0.180466 	 0.133463 	 0.282346 	 0.225756 	 0.119764 	 0.048512 
3.940000 	 -0.181788 	 0.130980 	 0.281519 	 0.226278 	 0.120498 	 0.048970 
3.950000 	 -0.183086 	 0.128498 	 0.280679 	 0.226792 	 0.121231 	 0.049431 
3.960000 	 -0.184358 	 0.126017 	 0.279825 	 0.227298 	 0.121964 	 0.049893 
3.970000 	 -0.185606 	 0.123538 	 0.278959 	 0.227797 	 0.122697 	 0.050358 
3.980000 	 -0.186829 	 0.121060 	 0.278080 	 0.228287 	 0.123430 	 0.050825 
3.990000 	 -0.188027 	 0.118584 	 0.277188 	 0.228769 	 0.124162 	 0.051294 
4.000000 	 -0.189201 	 0.116111 	 0.276284 	 0.229244 	 0.124893 	 0.051766 
4.010000 	 -0.190349 	 0.113639 	 0.275366 	 0.229710 	 0.125624 	 0.052239 
4.020000 	 -0.191473 	 0.111170 	 0.274436 	 0.230168 	 0.126354 	 0.052715 
4.030000 	 -0.192573 	 0.108704 	 0.273494 	 0.230618 	 0.127084 	 0.053193 
4.040000 	 -0.193648 	 0.106240 	 0.272539 	 0.231060 	 0.127813 	 0.053673 
4.050000 	 -0.194698 	 0.103779 	 0.271571 	 0.231494 	 0.128542 	 0.054155 
4.060000 	 -0.195723 	 0.101321 	 0.270591 	 0.231919 	 0.129269 	 0.054639 
4.070000 	 -0.196724 	 0.098866 	 0.269598 	 0.232336 	 0.129996 	 0.055125 
4.080000 	 -0.197700 	 0.096415 	 0.268594 	 0.232744 	 0.130722 	 0.055613 
4.090000 	 -0.198652 	 0.093967 	 0.267577 	 0.233144 	 0.131447 	 0.056104 
4.100000 	 -0.199580 	 0.091523 	 0.266548 	 0.233535 	 0.132171 	 0.056596 
4.110000 	 -0.200483 	 0.089083 	 0.265507 	 0.233918 	 0.132894 	 0.057091 
4.120000 	 -0.201361 	 0.086646 	 0.264453 	 0.234292 	 0.133616 	 0.057587 
4.130000 	 -0.202216 	 0.084214 	 0.263388 	 0.234658 	 0.134337 	 0.058086 
4.140000 	 -0.203046 	 0.081786 	 0.262311 	 0.235015 	 0.135056 	 0.058586 
4.150000 	 -0.203851 	 0.079363 	 0.261222 	 0.235363 	 0.135775 	 0.059089 
4.160000 	 -0.204633 	 0.076945 	 0.260122 	 0.235702 	 0.136492 	 0.059593 
4.170000 	 -0.205390 	 0.074531 	 0.259010 	 0.236032 	 0.137208 	 0.060100 
4.180000 	 -0.206124 	 0.072122 	 0.257886 	 0.236354 	 0.137922 	 0.060608 
4.190000 	 -0.206833 	 0.069718 	 0.256750 	 0.236667 	 0.138635 	 0.061118 
4.200000 	 -0.207518 	 0.067320 	 0.255604 	 0.236970 	 0.139347 	 0.061630 
4.210000 	 -0.208179 	 0.064927 	 0.254445 	 0.237265 	 0.140057 	 0.062144 
4.220000 	 -0.208817 	 0.062539 	 0.253276 	 0.237551 	 0.140765 	 0.062660 
4.230000 	 -0.209430 	 0.060158 	 0.252095 	 0.237827 	 0.141472 	 0.063178 
4.240000 	 -0.210020 	 0.057782 	 0.250903 	 0.238095 	 0.142177 	 0.063697 
4.250000 	 -0.210586 	 0.055412 	 0.249700 	 0.238353 	 0.142881 	 0.064218 
4.260000 	 -0.211128 	 0.053049 	 0.248486 	 0.238602 	 0.143583 	 0.064741 
4.270000 	 -0.211647 	 0.050692 	 0.247261 	 0.238842 	 0.144282 	 0.065266 
4.280000 	 -0.212142 	 0.048341 	 0.246026 	 0.239072 	 0.144980 	 0.065793 
4.290000 	 -0.212614 	 0.045997 	 0.244779 	 0.239294 	 0.145676 	 0.066321 
4.300000 	 -0.213062 	 0.043660 	 0.243522 	 0.239506 	 0.146370 	 0.066851 
4.310000 	 -0.213487 	 0.041330 	 0.242255 	 0.239708 	 0.147063 	 0.067383 
4.320000 	 -0.213888 	 0.039007 	 0.240976 	 0.239901 	 0.147753 	 0.067916 
4.330000 	 -0.214267 	 0.036691 	 0.239688 	 0.240085 	 0.148440 	 0.068452 
4.340000 	 -0.214622 	 0.034382 	 0.238389 	 0.240259 	 0.149126 	 0.068988 
4.350000 	 -0.214955 	 0.032081 	 0.237080 	 0.240424 	 0.149809 	 0.069527 
4.360000 	 -0.215264 	 0.029788 	 0.235760 	 0.240579 	 0.150491 	 0.070066 
4.370000 	 -0.215550 	 0.027503 	 0.234431 	 0.240725 	 0.151169 	 0.070608 
4.380000 	 -0.215814 	 0.025226 	 0.233092 	 0.240861 	 0.151846 	 0.071151 
4.390000 	 -0.216055 	 0.022956 	 0.231743 	 0.240987 	 0.152520 	 0.071695 
4.400000 	 -0.216273 	 0.020695 	 0.230384 	 0.241104 	 0.153191 	 0.072242 
4.410000 	 -0.216469 	 0.018443 	 0.229015 	 0.241211 	 0.153860 	 0.072789 
4.420000 	 -0.216642 	 0.016199 	 0.227637 	 0.241309 	 0.154527 	 0.073338 
4.430000 	 -0.216793 	 0.013963 	 0.226249 	 0.241397 	 0.155190 	 0.073889 
4.440000 	 -0.216921 	 0.011737 	 0.224852 	 0.241475 	 0.155851 	 0.074440 
4.450000 	 -0.217028 	 0.009519 	 0.223445 	 0.241543 	 0.156510 	 0.074994 
4.460000 	 -0.217112 	 0.007311 	 0.222029 	 0.241601 	 0.157165 	 0.075548 
4.470000 	 -0.217174 	 0.005112 	 0.220604 	 0.241650 	 0.157818 	 0.076104 
4.480000 	 -0.217214 	 0.002922 	 0.219171 	 0.241688 	 0.158467 	 0.076662 
4.490000 	 -0.217232 	 0.000741 	 0.217728 	 0.241717 	 0.159114 	 0.077220 
4.500000 	 -0.217229 	 -0.001430 	 0.216276 	 0.241736 	 0.159758 	 0.077780 
4.510000 	 -0.217204 	 -0.003591 	 0.214815 	 0.241745 	 0.160399 	 0.078341 
4.520000 	 -0.217157 	 -0.005742 	 0.213346 	 0.241744 	 0.161036 	 0.078904 
4.530000 	 -0.217089 	 -0.007883 	 0.211869 	 0.241733 	 0.161671 	 0.079467 
4.540000 	 -0.217000 	 -0.010014 	 0.210382 	 0.241713 	 0.162302 	 0.080032 
4.550000 	 -0.216889 	 -0.012135 	 0.208888 	 0.241682 	 0.162930 	 0.080598 
4.560000 	 -0.216757 	 -0.014245 	 0.207385 	 0.241641 	 0.163555 	 0.081165 
4.570000 	 -0.216604 	 -0.016345 	 0.205874 	 0.241590 	 0.164176 	 0.081733 
4.580000 	 -0.216430 	 -0.018434 	 0.204355 	 0.241529 	 0.164794 	 0.082302 
4.590000 	 -0.216235 	 -0.020512 	 0.202829 	 0.241458 	 0.165409 	 0.082872 
4.600000 	 -0.216020 	 -0.022580 	 0.201294 	 0.241377 	 0.166020 	 0.083444 
4.610000 	 -0.215784 	 -0.024636 	 0.199751 	 0.241286 	 0.166627 	 0.084016 
4.620000 	 -0.215527 	 -0.026682 	 0.198201 	 0.241185 	 0.167231 	 0.084589 
4.630000 	 -0.215250 	 -0.028716 	 0.196644 	 0.241074 	 0.167831 	 0.085163 
4.640000 	 -0.214953 	 -0.030739 	 0.195079 	 0.240953 	 0.168428 	 0.085739 
4.650000 	 -0.214635 	 -0.032750 	 0.193506 	 0.240821 	 0.169020 	 0.086315 
4.660000 	 -0.214298 	 -0.034750 	 0.191927 	 0.240680 	 0.169609 	 0.086892 
4.670000 	 -0.213940 	 -0.036737 	 0.190340 	 0.240528 	 0.170194 	 0.087469 
4.680000 	 -0.213563 	 -0.038714 	 0.188747 	 0.240366 	 0.170775 	 0.088048 
4.690000 	 -0.213166 	 -0.040678 	 0.187146 	 0.240194 	 0.171352 	 0.088627 
4.700000 	 -0.212750 	 -0.042630 	 0.185539 	 0.240012 	 0.171926 	 0.089207 
4.710000 	 -0.212314 	 -0.044570 	 0.183925 	 0.239820 	 0.172495 	 0.089788 
4.720000 	 -0.211858 	 -0.046498 	 0.182305 	 0.239617 	 0.173060 	 0.090370 
4.730000 	 -0.211384 	 -0.048413 	 0.180678 	 0.239404 	 0.173620 	 0.090952 
4.740000 	 -0.210890 	 -0.050316 	 0.179045 	 0.239181 	 0.174177 	 0.091534 
4.750000 	 -0.210377 	 -0.052206 	 0.177405 	 0.238948 	 0.174729 	 0.092118 
4.760000 	 -0.209846 	 -0.054084 	 0.175760 	 0.238705 	 0.175277 	 0.092702 
4.770000 	 -0.209296 	 -0.055949 	 0.174108 	 0.238452 	 0.175821 	 0.093286 
4.780000 	 -0.208727 	 -0.057801 	 0.172451 	 0.238188 	 0.176361 	 0.093871 
4.790000 	 -0.208140 	 -0.059639 	 0.170787 	 0.237914 	 0.176895 	 0.094457 
4.800000 	 -0.207534 	 -0.061465 	 0.169119 	 0.237630 	 0.177426 	 0.095043 
4.810000 	 -0.206911 	 -0.063278 	 0.167444 	 0.237336 	 0.177952 	 0.095629 
4.820000 	 -0.206269 	 -0.065077 	 0.165764 	 0.237032 	 0.178473 	 0.096216 
4.830000 	 -0.205609 	 -0.066863 	 0.164079 	 0.236717 	 0.178989 	 0.096803 
4.840000 	 -0.204932 	 -0.068636 	 0.162389 	 0.236393 	 0.179501 	 0.097391 
4.850000 	 -0.204236 	 -0.070395 	 0.160693 	 0.236058 	 0.180009 	 0.097979 
4.860000 	 -0.203524 	 -0.072140 	 0.158993 	 0.235713 	 0.180511 	 0.098567 
4.870000 	 -0.202794 	 -0.073871 	 0.157288 	 0.235358 	 0.181009 	 0.099155 
4.880000 	 -0.202046 	 -0.075589 	 0.155578 	 0.234992 	 0.181501 	 0.099744 
4.890000 	 -0.201282 	 -0.077293 	 0.153863 	 0.234617 	 0.181989 	 0.100333 
4.900000 	 -0.200501 	 -0.078982 	 0.152144 	 0.234231 	 0.182472 	 0.100921 
4.910000 	 -0.199702 	 -0.080658 	 0.150421 	 0.233836 	 0.182950 	 0.101510 
4.920000 	 -0.198887 	 -0.082319 	 0.148693 	 0.233430 	 0.183423 	 0.102100 
4.930000 	 -0.198056 	 -0.083966 	 0.146961 	 0.233014 	 0.183890 	 0.102689 
4.940000 	 -0.197208 	 -0.085599 	 0.145225 	 0.232588 	 0.184353 	 0.103278 
4.950000 	 -0.196344 	 -0.087217 	 0.143485 	 0.232152 	 0.184810 	 0.103867 
4.960000 	 -0.195464 	 -0.088821 	 0.141741 	 0.231706 	 0.185262 	 0.104456 
4.970000 	 -0.194568 	 -0.090410 	 0.139994 	 0.231249 	 0.185709 	 0.105045 
4.980000 	 -0.193656 	 -0.091985 	 0.138243 	 0.230783 	 0.186151 	 0.105634 
4.990000 	 -0.192728 	 -0.093544 	 0.136489 	 0.230307 	 0.186587 	 0.106223 
5.000000 	 -0.191785 	 -0.095089 	 0.134731 	 0.229821 	 0.187018 	 0.106811 
5.010000 	 -0.190826 	 -0.096619 	 0.132970 	 0.229324 	 0.187443 	 0.107399 
5.020000 	 -0.189853 	 -0.098134 	 0.131206 	 0.228818 	 0.187863 	 0.107988 
5.030000 	 -0.188864 	 -0.099635 	 0.129439 	 0.228302 	 0.188277 	 0.108575 
5.040000 	 -0.187860 	 -0.101119 	 0.127670 	 0.227776 	 0.188686 	 0.109163 
5.050000 	 -0.186841 	 -0.102589 	 0.125897 	 0.227240 	 0.189089 	 0.109750 
5.060000 	 -0.185808 	 -0.104044 	 0.124122 	 0.226694 	 0.189486 	 0.110337 
5.070000 	 -0.184760 	 -0.105483 	 0.122345 	 0.226138 	 0.189878 	 0.110923 
5.080000 	 -0.183699 	 -0.106907 	 0.120565 	 0.225573 	 0.190264 	 0.111509 
5.090000 	 -0.182622 	 -0.108315 	 0.118783 	 0.224997 	 0.190644 	 0.112094 
5.100000 	 -0.181532 	 -0.109708 	 0.116998 	 0.224412 	 0.191018 	 0.112679 
5.110000 	 -0.180428 	 -0.111085 	 0.115212 	 0.223817 	 0.191387 	 0.113263 
5.120000 	 -0.179311 	 -0.112447 	 0.113424 	 0.223212 	 0.191749 	 0.113847 
5.130000 	 -0.178179 	 -0.113793 	 0.111634 	 0.222598 	 0.192106 	 0.114430 
5.140000 	 -0.177035 	 -0.115123 	 0.109842 	 0.221974 	 0.192456 	 0.115012 
5.150000 	 -0.175877 	 -0.116438 	 0.108049 	 0.221340 	 0.192801 	 0.115594 
5.160000 	 -0.174706 	 -0.117736 	 0.106255 	 0.220696 	 0.193140 	 0.116175 
5.170000 	 -0.173522 	 -0.119019 	 0.104459 	 0.220043 	 0.193472 	 0.116755 
5.180000 	 -0.172326 	 -0.120286 	 0.102662 	 0.219381 	 0.193798 	 0.117334 
5.190000 	 -0.171117 	 -0.121537 	 0.100864 	 0.218708 	 0.194118 	 0.117913 
5.200000 	 -0.169895 	 -0.122771 	 0.099065 	 0.218027 	 0.194432 	 0.118490 
5.210000 	 -0.168661 	 -0.123990 	 0.097266 	 0.217335 	 0.194740 	 0.119067 
5.220000 	 -0.167415 	 -0.125193 	 0.095466 	 0.216635 	 0.195041 	 0.119643 
5.230000 	 -0.166158 	 -0.126379 	 0.093665 	 0.215925 	 0.195336 	 0.120217 
5.240000 	 -0.164888 	 -0.127549 	 0.091863 	 0.215205 	 0.195625 	 0.120791 
5.250000 	 -0.163607 	 -0.128703 	 0.090062 	 0.214476 	 0.195907 	 0.121364 
5.260000 	 -0.162314 	 -0.129841 	 0.088260 	 0.213738 	 0.196182 	 0.121935 
5.270000 	 -0.161010 	 -0.130962 	 0.086458 	 0.212991 	 0.196452 	 0.122506 
5.280000 	 -0.159695 	 -0.132067 	 0.084657 	 0.212234 	 0.196715 	 0.123075 
5.290000 	 -0.158369 	 -0.133156 	 0.082855 	 0.211468 	 0.196971 	 0.123643 
5.300000 	 -0.157032 	 -0.134228 	 0.081054 	 0.210693 	 0.197220 	 0.124209 
5.310000 	 -0.155684 	 -0.135283 	 0.079253 	 0.209909 	 0.197464 	 0.124775 
5.320000 	 -0.154326 	 -0.136322 	 0.077453 	 0.209116 	 0.197700 	 0.125339 
5.330000 	 -0.152958 	 -0.137345 	 0.075653 	 0.208314 	 0.197930 	 0.125902 
5.340000 	 -0.151579 	 -0.138351 	 0.073854 	 0.207502 	 0.198153 	 0.126463 
5.350000 	 -0.150191 	 -0.139340 	 0.072056 	 0.206682 	 0.198369 	 0.127023 
5.360000 	 -0.148792 	 -0.140313 	 0.070259 	 0.205853 	 0.198578 	 0.127581 
5.370000 	 -0.147384 	 -0.141269 	 0.068463 	 0.205015 	 0.198781 	 0.128138 
5.380000 	 -0.145967 	 -0.142208 	 0.066669 	 0.204168 	 0.198977 	 0.128693 
5.390000 	 -0.144540 	 -0.143131 	 0.064876 	 0.203312 	 0.199166 	 0.129247 
5.400000 	 -0.143105 	 -0.144037 	 0.063084 	 0.202448 	 0.199348 	 0.129799 
5.410000 	 -0.141660 	 -0.144926 	 0.061294 	 0.201575 	 0.199523 	 0.130350 
5.420000 	 -0.140206 	 -0.145798 	 0.059506 	 0.200693 	 0.199692 	 0.130898 
5.430000 	 -0.138744 	 -0.146654 	 0.057720 	 0.199803 	 0.199853 	 0.131445 
5.440000 	 -0.137273 	 -0.147493 	 0.055935 	 0.198904 	 0.200007 	 0.131990 
5.450000 	 -0.135794 	 -0.148315 	 0.054153 	 0.197996 	 0.200154 	 0.132534 
5.460000 	 -0.134307 	 -0.149120 	 0.052373 	 0.197080 	 0.200295 	 0.133075 
5.470000 	 -0.132812 	 -0.149909 	 0.050595 	 0.196156 	 0.200428 	 0.133615 
5.480000 	 -0.131309 	 -0.150680 	 0.048820 	 0.195224 	 0.200554 	 0.134153 
5.490000 	 -0.129798 	 -0.151435 	 0.047047 	 0.194283 	 0.200672 	 0.134688 
5.500000 	 -0.128280 	 -0.152173 	 0.045277 	 0.193333 	 0.200784 	 0.135222 
5.510000 	 -0.126755 	 -0.152894 	 0.043509 	 0.192376 	 0.200888 	 0.135754 
5.520000 	 -0.125222 	 -0.153598 	 0.041745 	 0.191410 	 0.200986 	 0.136283 
5.530000 	 -0.123683 	 -0.154285 	 0.039984 	 0.190437 	 0.201075 	 0.136811 
5.540000 	 -0.122137 	 -0.154956 	 0.038226 	 0.189455 	 0.201158 	 0.137336 
5.550000 	 -0.120584 	 -0.155609 	 0.036471 	 0.188466 	 0.201234 	 0.137859 
5.560000 	 -0.119024 	 -0.156246 	 0.034719 	 0.187468 	 0.201302 	 0.138380 
5.570000 	 -0.117459 	 -0.156865 	 0.032971 	 0.186463 	 0.201362 	 0.138899 
5.580000 	 -0.115887 	 -0.157468 	 0.031227 	 0.185449 	 0.201416 	 0.139415 
5.590000 	 -0.114310 	 -0.158054 	 0.029486 	 0.184428 	 0.201462 	 0.139929 
5.600000 	 -0.112726 	 -0.158624 	 0.027749 	 0.183400 	 0.201500 	 0.140440 
5.610000 	 -0.111137 	 -0.159176 	 0.026016 	 0.182363 	 0.201532 	 0.140949 
5.620000 	 -0.109543 	 -0.159711 	 0.024288 	 0.181320 	 0.201555 	 0.141456 
5.630000 	 -0.107943 	 -0.160230 	 0.022563 	 0.180268 	 0.201572 	 0.141960 
5.640000 	 -0.106338 	 -0.160732 	 0.020843 	 0.179209 	 0.201580 	 0.142461 
5.650000 	 -0.104728 	 -0.161217 	 0.019127 	 0.178143 	 0.201582 	 0.142960 
5.660000 	 -0.103114 	 -0.161685 	 0.017415 	 0.177069 	 0.201575 	 0.143457 
5.670000 	 -0.101495 	 -0.162136 	 0.015708 	 0.175989 	 0.201562 	 0.143950 
5.680000 	 -0.099871 	 -0.162571 	 0.014006 	 0.174901 	 0.201540 	 0.144441 
5.690000 	 -0.098243 	 -0.162989 	 0.012309 	 0.173805 	 0.201511 	 0.144930 
5.700000 	 -0.096611 	 -0.163390 	 0.010617 	 0.172703 	 0.201475 	 0.145415 
5.710000 	 -0.094976 	 -0.163775 	 0.008929 	 0.171594 	 0.201431 	 0.145898 
5.720000 	 -0.093336 	 -0.164142 	 0.007247 	 0.170478 	 0.201379 	 0.146378 
5.730000 	 -0.091693 	 -0.164494 	 0.005571 	 0.169354 	 0.201320 	 0.146854 
5.740000 	 -0.090046 	 -0.164828 	 0.003899 	 0.168225 	 0.201253 	 0.147328 
5.750000 	 -0.088396 	 -0.165146 	 0.002233 	 0.167088 	 0.201178 	 0.147799 
5.760000 	 -0.086743 	 -0.165447 	 0.000573 	 0.165945 	 0.201096 	 0.148267 
5.770000 	 -0.085087 	 -0.165732 	 -0.001082 	 0.164795 	 0.201006 	 0.148732 
5.780000 	 -0.083429 	 -0.166000 	 -0.002730 	 0.163638 	 0.200908 	 0.149194 
5.790000 	 -0.081768 	 -0.166252 	 -0.004373 	 0.162475 	 0.200803 	 0.149653 
5.800000 	 -0.080104 	 -0.166487 	 -0.006010 	 0.161306 	 0.200689 	 0.150109 
5.810000 	 -0.078438 	 -0.166706 	 -0.007641 	 0.160130 	 0.200568 	 0.150561 
5.820000 	 -0.076770 	 -0.166908 	 -0.009265 	 0.158948 	 0.200440 	 0.151010 
5.830000 	 -0.075100 	 -0.167094 	 -0.010883 	 0.157760 	 0.200303 	 0.151456 
5.840000 	 -0.073428 	 -0.167263 	 -0.012495 	 0.156566 	 0.200159 	 0.151899 
5.850000 	 -0.071755 	 -0.167417 	 -0.014100 	 0.155365 	 0.200007 	 0.152338 
5.860000 	 -0.070080 	 -0.167554 	 -0.015699 	 0.154159 	 0.199848 	 0.152774 
5.870000 	 -0.068404 	 -0.167675 	 -0.017290 	 0.152947 	 0.199680 	 0.153207 
5.880000 	 -0.066726 	 -0.167779 	 -0.018875 	 0.151729 	 0.199505 	 0.153636 
5.890000 	 -0.065048 	 -0.167868 	 -0.020453 	 0.150505 	 0.199322 	 0.154061 
5.900000 	 -0.063369 	 -0.167940 	 -0.022024 	 0.149275 	 0.199131 	 0.154484 
5.910000 	 -0.061689 	 -0.167997 	 -0.023588 	 0.148040 	 0.198932 	 0.154902 
5.920000 	 -0.060009 	 -0.168037 	 -0.025145 	 0.146800 	 0.198726 	 0.155317 
5.930000 	 -0.058329 	 -0.168061 	 -0.026694 	 0.145554 	 0.198511 	 0.155728 
5.940000 	 -0.056648 	 -0.168070 	 -0.028236 	 0.144302 	 0.198289 	 0.156136 
5.950000 	 -0.054967 	 -0.168063 	 -0.029770 	 0.143046 	 0.198059 	 0.156540 
5.960000 	 -0.053287 	 -0.168039 	 -0.031297 	 0.141784 	 0.197821 	 0.156940 
5.970000 	 -0.051606 	 -0.168001 	 -0.032816 	 0.140517 	 0.197576 	 0.157336 
5.980000 	 -0.049927 	 -0.167946 	 -0.034327 	 0.139244 	 0.197322 	 0.157729 
5.990000 	 -0.048248 	 -0.167876 	 -0.035830 	 0.137967 	 0.197061 	 0.158118 
6.000000 	 -0.046569 	 -0.167790 	 -0.037326 	 0.136685 	 0.196792 	 0.158502 
6.010000 	 -0.044892 	 -0.167689 	 -0.038813 	 0.135398 	 0.196515 	 0.158883 
6.020000 	 -0.043216 	 -0.167572 	 -0.040292 	 0.134107 	 0.196230 	 0.159260 
6.030000 	 -0.041540 	 -0.167439 	 -0.041763 	 0.132810 	 0.195937 	 0.159633 
6.040000 	 -0.039867 	 -0.167292 	 -0.043225 	 0.131509 	 0.195637 	 0.160002 
6.050000 	 -0.038195 	 -0.167129 	 -0.044679 	 0.130204 	 0.195328 	 0.160367 
6.060000 	 -0.036524 	 -0.166951 	 -0.046125 	 0.128894 	 0.195012 	 0.160728 
6.070000 	 -0.034856 	 -0.166757 	 -0.047561 	 0.127580 	 0.194688 	 0.161085 
6.080000 	 -0.033189 	 -0.166549 	 -0.048990 	 0.126261 	 0.194356 	 0.161437 
6.090000 	 -0.031525 	 -0.166326 	 -0.050409 	 0.124939 	 0.194017 	 0.161786 
6.100000 	 -0.029863 	 -0.166087 	 -0.051819 	 0.123612 	 0.193669 	 0.162130 
6.110000 	 -0.028203 	 -0.165834 	 -0.053221 	 0.122281 	 0.193314 	 0.162469 
6.120000 	 -0.026546 	 -0.165566 	 -0.054613 	 0.120947 	 0.192951 	 0.162805 
6.130000 	 -0.024892 	 -0.165283 	 -0.055997 	 0.119608 	 0.192580 	 0.163136 
6.140000 	 -0.023240 	 -0.164985 	 -0.057371 	 0.118266 	 0.192202 	 0.163463 
6.150000 	 -0.021592 	 -0.164673 	 -0.058736 	 0.116920 	 0.191815 	 0.163786 
6.160000 	 -0.019947 	 -0.164346 	 -0.060091 	 0.115570 	 0.191421 	 0.164104 
6.170000 	 -0.018305 	 -0.164004 	 -0.061437 	 0.114217 	 0.191019 	 0.164417 
6.180000 	 -0.016667 	 -0.163649 	 -0.062774 	 0.112861 	 0.190610 	 0.164726 
6.190000 	 -0.015032 	 -0.163278 	 -0.064101 	 0.111501 	 0.190192 	 0.165031 
6.200000 	 -0.013402 	 -0.162894 	 -0.065418 	 0.110137 	 0.189767 	 0.165331 
6.210000 	 -0.011775 	 -0.162496 	 -0.066726 	 0.108771 	 0.189334 	 0.165626 
6.220000 	 -0.010152 	 -0.162083 	 -0.068023 	 0.107402 	 0.188894 	 0.165917 
6.230000 	 -0.008533 	 -0.161656 	 -0.069311 	 0.106029 	 0.188445 	 0.166203 
6.240000 	 -0.006919 	 -0.161216 	 -0.070589 	 0.104654 	 0.187989 	 0.166484 
6.250000 	 -0.005309 	 -0.160761 	 -0.071857 	 0.103276 	 0.187526 	 0.166761 
6.260000 	 -0.003703 	 -0.160293 	 -0.073114 	 0.101895 	 0.187054 	 0.167033 
6.270000 	 -0.002103 	 -0.159811 	 -0.074362 	 0.100511 	 0.186576 	 0.167300 
6.280000 	 -0.000507 	 -0.159316 	 -0.075599 	 0.099125 	 0.186089 	 0.167563 
6.290000 	 0.001083 	 -0.158807 	 -0.076826 	 0.097737 	 0.185595 	 0.167820 
6.300000 	 0.002669 	 -0.158284 	 -0.078042 	 0.096346 	 0.185093 	 0.168073 
6.310000 	 0.004249 	 -0.157748 	 -0.079248 	 0.094953 	 0.184584 	 0.168321 
6.320000 	 0.005824 	 -0.157199 	 -0.080444 	 0.093557 	 0.184067 	 0.168564 
6.330000 	 0.007393 	 -0.156637 	 -0.081628 	 0.092159 	 0.183543 	 0.168802 
6.340000 	 0.008956 	 -0.156062 	 -0.082803 	 0.090760 	 0.183011 	 0.169034 
6.350000 	 0.010514 	 -0.155473 	 -0.083966 	 0.089358 	 0.182471 	 0.169262 
6.360000 	 0.012066 	 -0.154872 	 -0.085119 	 0.087955 	 0.181924 	 0.169485 
6.370000 	 0.013612 	 -0.154258 	 -0.086260 	 0.086549 	 0.181370 	 0.169703 
6.380000 	 0.015151 	 -0.153631 	 -0.087391 	 0.085143 	 0.180808 	 0.169916 
6.390000 	 0.016684 	 -0.152992 	 -0.088511 	 0.083734 	 0.180239 	 0.170123 
6.400000 	 0.018211 	 -0.152340 	 -0.089620 	 0.082324 	 0.179662 	 0.170326 
6.410000 	 0.019731 	 -0.151675 	 -0.090718 	 0.080913 	 0.179078 	 0.170523 
6.420000 	 0.021244 	 -0.150999 	 -0.091804 	 0.079500 	 0.178487 	 0.170715 
6.430000 	 0.022751 	 -0.150310 	 -0.092880 	 0.078086 	 0.177888 	 0.170902 
6.440000 	 0.024250 	 -0.149609 	 -0.093944 	 0.076671 	 0.177282 	 0.171083 
6.450000 	 0.025743 	 -0.148895 	 -0.094997 	 0.075255 	 0.176668 	 0.171259 
6.460000 	 0.027228 	 -0.148170 	 -0.096038 	 0.073838 	 0.176048 	 0.171430 
6.470000 	 0.028706 	 -0.147433 	 -0.097068 	 0.072420 	 0.175420 	 0.171596 
6.480000 	 0.030177 	 -0.146685 	 -0.098087 	 0.071001 	 0.174785 	 0.171756 
6.490000 	 0.031640 	 -0.145924 	 -0.099094 	 0.069581 	 0.174143 	 0.171911 
6.500000 	 0.033095 	 -0.145153 	 -0.100089 	 0.068161 	 0.173493 	 0.172060 
6.510000 	 0.034543 	 -0.144369 	 -0.101073 	 0.066741 	 0.172837 	 0.172204 
6.520000 	 0.035983 	 -0.143575 	 -0.102045 	 0.065320 	 0.172173 	 0.172343 
6.530000 	 0.037414 	 -0.142769 	 -0.103005 	 0.063898 	 0.171502 	 0.172476 
6.540000 	 0.038838 	 -0.141952 	 -0.103954 	 0.062477 	 0.170825 	 0.172603 
6.550000 	 0.040253 	 -0.141124 	 -0.104890 	 0.061055 	 0.170140 	 0.172725 
6.560000 	 0.041661 	 -0.140285 	 -0.105815 	 0.059633 	 0.169448 	 0.172842 
6.570000 	 0.043059 	 -0.139435 	 -0.106728 	 0.058211 	 0.168750 	 0.172952 
6.580000 	 0.044449 	 -0.138575 	 -0.107629 	 0.056790 	 0.168044 	 0.173058 
6.590000 	 0.045831 	 -0.137704 	 -0.108518 	 0.055368 	 0.167332 	 0.173157 
6.600000 	 0.047203 	 -0.136823 	 -0.109395 	 0.053947 	 0.166612 	 0.173251 
6.610000 	 0.048567 	 -0.135931 	 -0.110260 	 0.052527 	 0.165886 	 0.173339 
6.620000 	 0.049922 	 -0.135029 	 -0.111113 	 0.051106 	 0.165153 	 0.173422 
6.630000 	 0.051268 	 -0.134117 	 -0.111954 	 0.049687 	 0.164413 	 0.173499 
6.640000 	 0.052604 	 -0.133194 	 -0.112782 	 0.048268 	 0.163667 	 0.173570 
6.650000 	 0.053931 	 -0.132262 	 -0.113599 	 0.046850 	 0.162914 	 0.173635 
6.660000 	 0.055249 	 -0.131320 	 -0.114403 	 0.045432 	 0.162154 	 0.173695 
6.670000 	 0.056558 	 -0.130368 	 -0.115194 	 0.044016 	 0.161388 	 0.173749 
6.680000 	 0.057857 	 -0.129407 	 -0.115974 	 0.042601 	 0.160615 	 0.173797 
6.690000 	 0.059146 	 -0.128436 	 -0.116741 	 0.041186 	 0.159836 	 0.173839 
6.700000 	 0.060425 	 -0.127456 	 -0.117495 	 0.039773 	 0.159050 	 0.173875 
6.710000 	 0.061695 	 -0.126467 	 -0.118238 	 0.038362 	 0.158257 	 0.173906 
6.720000 	 0.062955 	 -0.125469 	 -0.118967 	 0.036951 	 0.157458 	 0.173930 
6.730000 	 0.064204 	 -0.124461 	 -0.119685 	 0.035542 	 0.156653 	 0.173949 
6.740000 	 0.065444 	 -0.123445 	 -0.120390 	 0.034135 	 0.155841 	 0.173962 
6.750000 	 0.066673 	 -0.122420 	 -0.121082 	 0.032729 	 0.155024 	 0.173969 
6.760000 	 0.067892 	 -0.121386 	 -0.121762 	 0.031326 	 0.154199 	 0.173970 
6.770000 	 0.069101 	 -0.120344 	 -0.122429 	 0.029923 	 0.153369 	 0.173964 
6.780000 	 0.070299 	 -0.119293 	 -0.123084 	 0.028523 	 0.152532 	 0.173953 
6.790000 	 0.071487 	 -0.118234 	 -0.123726 	 0.027125 	 0.151690 	 0.173936 
6.800000 	 0.072664 	 -0.117167 	 -0.124355 	 0.025729 	 0.150841 	 0.173913 
6.810000 	 0.073830 	 -0.116091 	 -0.124972 	 0.024335 	 0.149986 	 0.173884 
6.820000 	 0.074986 	 -0.115008 	 -0.125576 	 0.022944 	 0.149125 	 0.173849 
6.830000 	 0.076130 	 -0.113917 	 -0.126167 	 0.021555 	 0.148258 	 0.173808 
6.840000 	 0.077264 	 -0.112819 	 -0.126746 	 0.020168 	 0.147386 	 0.173760 
6.850000 	 0.078387 	 -0.111712 	 -0.127312 	 0.018784 	 0.146507 	 0.173707 
6.860000 	 0.079498 	 -0.110599 	 -0.127865 	 0.017403 	 0.145623 	 0.173647 
6.870000 	 0.080598 	 -0.109477 	 -0.128405 	 0.016024 	 0.144732 	 0.173582 
6.880000 	 0.081688 	 -0.108349 	 -0.128933 	 0.014648 	 0.143836 	 0.173510 
6.890000 	 0.082765 	 -0.107214 	 -0.129448 	 0.013275 	 0.142935 	 0.173432 
6.900000 	 0.083832 	 -0.106071 	 -0.129950 	 0.011905 	 0.142027 	 0.173348 
6.910000 	 0.084887 	 -0.104922 	 -0.130439 	 0.010538 	 0.141114 	 0.173258 
6.920000 	 0.085930 	 -0.103766 	 -0.130916 	 0.009174 	 0.140196 	 0.173162 
6.930000 	 0.086962 	 -0.102604 	 -0.131379 	 0.007814 	 0.139272 	 0.173059 
6.940000 	 0.087982 	 -0.101435 	 -0.131830 	 0.006456 	 0.138343 	 0.172950 
6.950000 	 0.088991 	 -0.100260 	 -0.132268 	 0.005103 	 0.137408 	 0.172835 
6.960000 	 0.089988 	 -0.099078 	 -0.132694 	 0.003752 	 0.136467 	 0.172714 
6.970000 	 0.090972 	 -0.097891 	 -0.133106 	 0.002406 	 0.135522 	 0.172587 
6.980000 	 0.091945 	 -0.096697 	 -0.133506 	 0.001063 	 0.134571 	 0.172453 
6.990000 	 0.092906 	 -0.095498 	 -0.133892 	 -0.000277 	 0.133615 	 0.172314 
7.000000 	 0.093855 	 -0.094292 	 -0.134266 	 -0.001612 	 0.132654 	 0.172167 
