3.499999 	 0.000350
3.499937 	 0.005848
3.499761 	 0.011345
3.499473 	 0.016841
3.499073 	 0.022336
3.498561 	 0.027828
3.497936 	 0.033318
3.497200 	 0.038805
3.496351 	 0.044288
3.495391 	 0.049768
3.494318 	 0.055243
3.493134 	 0.060712
3.491838 	 0.066177
3.490430 	 0.071635
3.488911 	 0.077087
3.487280 	 0.082531
3.485538 	 0.087968
3.483685 	 0.093397
3.481720 	 0.098818
3.479645 	 0.104229
3.477459 	 0.109632
3.475163 	 0.115024
3.472756 	 0.120405
3.470239 	 0.125776
3.467612 	 0.131135
3.464875 	 0.136482
3.462028 	 0.141817
3.459071 	 0.147139
3.456006 	 0.152447
3.452832 	 0.157742
3.449548 	 0.163022
3.446156 	 0.168288
3.442656 	 0.173538
3.439048 	 0.178772
3.435332 	 0.183990
3.431509 	 0.189191
3.427579 	 0.194376
3.423541 	 0.199542
3.419397 	 0.204690
3.415146 	 0.209820
3.410790 	 0.214931
3.406329 	 0.220022
3.401761 	 0.225094
3.397089 	 0.230144
3.392312 	 0.235174
3.387430 	 0.240183
3.382445 	 0.245170
3.377356 	 0.250135
3.372164 	 0.255077
3.366869 	 0.259996
3.361472 	 0.264892
3.355973 	 0.269763
3.350372 	 0.274611
3.344670 	 0.279433
3.338868 	 0.284230
3.332964 	 0.289002
3.326961 	 0.293747
3.320858 	 0.298466
3.314657 	 0.303158
3.308356 	 0.307823
3.301957 	 0.312460
3.295461 	 0.317069
3.288868 	 0.321649
3.282178 	 0.326201
3.275392 	 0.330723
3.268510 	 0.335215
3.261533 	 0.339678
3.254461 	 0.344110
3.247295 	 0.348511
3.240036 	 0.352881
3.232682 	 0.357219
3.225237 	 0.361525
3.217700 	 0.365799
3.210070 	 0.370040
3.202350 	 0.374248
3.194540 	 0.378423
3.186640 	 0.382564
3.178651 	 0.386670
3.170572 	 0.390743
3.162406 	 0.394780
3.154153 	 0.398783
3.145812 	 0.402750
3.137385 	 0.406681
3.128873 	 0.410576
3.120275 	 0.414434
3.111593 	 0.418256
3.102828 	 0.422041
3.093979 	 0.425788
3.085047 	 0.429498
3.076034 	 0.433170
3.066940 	 0.436803
3.057764 	 0.440398
3.048510 	 0.443954
3.039175 	 0.447471
3.029762 	 0.450948
3.020272 	 0.454386
3.010703 	 0.457784
3.001058 	 0.461142
2.991338 	 0.464459
2.981543 	 0.467735
2.971673 	 0.470971
2.961729 	 0.474165
2.951712 	 0.477318
2.941623 	 0.480430
2.931463 	 0.483499
2.921231 	 0.486526
2.910929 	 0.489511
2.900558 	 0.492453
2.890118 	 0.495353
2.879611 	 0.498209
2.869035 	 0.501022
2.858394 	 0.503792
2.847687 	 0.506518
2.836915 	 0.509201
2.826079 	 0.511839
2.815179 	 0.514433
2.804217 	 0.516984
2.793194 	 0.519489
2.782108 	 0.521950
2.770963 	 0.524366
2.759758 	 0.526737
2.748494 	 0.529064
2.737173 	 0.531344
2.725794 	 0.533580
2.714359 	 0.535770
2.702869 	 0.537914
2.691323 	 0.540013
2.679724 	 0.542066
2.668071 	 0.544072
2.656367 	 0.546033
2.644611 	 0.547948
2.632804 	 0.549816
2.620947 	 0.551638
2.609042 	 0.553413
2.597088 	 0.555142
2.585087 	 0.556824
2.573039 	 0.558460
2.560945 	 0.560049
2.548806 	 0.561591
2.536624 	 0.563086
2.524398 	 0.564534
2.512130 	 0.565935
2.499820 	 0.567290
2.487470 	 0.568597
2.475080 	 0.569857
2.462650 	 0.571070
2.450182 	 0.572236
2.437678 	 0.573355
2.425137 	 0.574427
2.412560 	 0.575452
2.399949 	 0.576430
2.387303 	 0.577360
2.374624 	 0.578244
2.361914 	 0.579080
2.349172 	 0.579870
2.336400 	 0.580612
2.323598 	 0.581307
2.310767 	 0.581956
2.297908 	 0.582557
2.285023 	 0.583112
2.272111 	 0.583620
2.259174 	 0.584081
2.246212 	 0.584496
2.233227 	 0.584864
2.220219 	 0.585186
2.207190 	 0.585461
2.194139 	 0.585690
2.181068 	 0.585872
2.167978 	 0.586009
2.154869 	 0.586099
2.141743 	 0.586144
2.128601 	 0.586143
2.115442 	 0.586096
2.102268 	 0.586003
2.089081 	 0.585865
2.075880 	 0.585682
2.062666 	 0.585453
2.049442 	 0.585180
2.036206 	 0.584861
2.022961 	 0.584498
2.009707 	 0.584091
1.996444 	 0.583639
1.983175 	 0.583142
1.969899 	 0.582602
1.956617 	 0.582018
1.943331 	 0.581390
1.930041 	 0.580718
1.916748 	 0.580004
1.903452 	 0.579246
1.890156 	 0.578445
1.876859 	 0.577601
1.863561 	 0.576715
1.850266 	 0.575787
1.836972 	 0.574817
1.823681 	 0.573804
1.810394 	 0.572751
1.797112 	 0.571655
1.783834 	 0.570519
1.770563 	 0.569342
1.757299 	 0.568124
1.744043 	 0.566865
1.730795 	 0.565567
1.717556 	 0.564229
1.704328 	 0.562851
1.691111 	 0.561433
1.677905 	 0.559977
1.664713 	 0.558482
1.651533 	 0.556948
1.638368 	 0.555376
1.625218 	 0.553766
1.612084 	 0.552119
1.598966 	 0.550434
1.585866 	 0.548712
1.572783 	 0.546953
1.559720 	 0.545158
1.546677 	 0.543327
1.533653 	 0.541460
1.520652 	 0.539557
1.507671 	 0.537620
1.494714 	 0.535647
1.481781 	 0.533640
1.468871 	 0.531599
1.455987 	 0.529524
1.443128 	 0.527416
1.430296 	 0.525274
1.417491 	 0.523100
1.404714 	 0.520893
1.391965 	 0.518654
1.379246 	 0.516384
1.366557 	 0.514082
1.353899 	 0.511749
1.341272 	 0.509386
1.328677 	 0.506992
1.316115 	 0.504569
1.303587 	 0.502116
1.291093 	 0.499634
1.278635 	 0.497123
1.266212 	 0.494584
1.253825 	 0.492017
1.241475 	 0.489423
1.229163 	 0.486801
1.216889 	 0.484153
1.204654 	 0.481478
1.192459 	 0.478777
1.180303 	 0.476051
1.168189 	 0.473300
1.156117 	 0.470524
1.144086 	 0.467724
1.132099 	 0.464900
1.120154 	 0.462053
1.108254 	 0.459182
1.096398 	 0.456289
1.084588 	 0.453374
1.072823 	 0.450438
1.061105 	 0.447479
1.049433 	 0.444500
1.037810 	 0.441501
1.026234 	 0.438481
1.014707 	 0.435442
1.003229 	 0.432384
0.991802 	 0.429308
0.980424 	 0.426213
0.969098 	 0.423100
0.957823 	 0.419970
0.946600 	 0.416823
0.935429 	 0.413660
0.924311 	 0.410480
0.913248 	 0.407286
0.902238 	 0.404076
0.891282 	 0.400851
0.880382 	 0.397613
0.869537 	 0.394360
0.858748 	 0.391095
0.848015 	 0.387816
0.837340 	 0.384526
0.826722 	 0.381223
0.816162 	 0.377910
0.805660 	 0.374585
0.795217 	 0.371250
0.784833 	 0.367904
0.774509 	 0.364550
0.764245 	 0.361186
0.754041 	 0.357814
0.743898 	 0.354434
0.733817 	 0.351046
0.723797 	 0.347650
0.713839 	 0.344248
0.703943 	 0.340840
0.694111 	 0.337427
0.684342 	 0.334007
0.674636 	 0.330584
0.664994 	 0.327155
0.655417 	 0.323723
0.645904 	 0.320288
0.636456 	 0.316849
0.627074 	 0.313408
0.617757 	 0.309966
0.608506 	 0.306521
0.599321 	 0.303076
0.590203 	 0.299630
0.581151 	 0.296184
0.572167 	 0.292738
0.563250 	 0.289293
0.554401 	 0.285850
0.545620 	 0.282408
0.536907 	 0.278968
0.528263 	 0.275531
0.519687 	 0.272098
0.511180 	 0.268668
0.502743 	 0.265242
0.494375 	 0.261820
0.486076 	 0.258404
0.477847 	 0.254993
0.469689 	 0.251588
0.461601 	 0.248190
0.453583 	 0.244798
0.445636 	 0.241414
0.437760 	 0.238037
0.429954 	 0.234669
0.422220 	 0.231309
0.414557 	 0.227958
0.406966 	 0.224617
0.399446 	 0.221286
0.391998 	 0.217965
0.384622 	 0.214656
0.377318 	 0.211357
0.370086 	 0.208071
0.362926 	 0.204796
0.355839 	 0.201534
0.348824 	 0.198286
0.341881 	 0.195050
0.335011 	 0.191829
0.328214 	 0.188622
0.321490 	 0.185430
0.314838 	 0.182253
0.308260 	 0.179092
0.301754 	 0.175947
0.295321 	 0.172818
0.288961 	 0.169707
0.282674 	 0.166612
0.276460 	 0.163535
0.270320 	 0.160477
0.264252 	 0.157437
0.258258 	 0.154415
0.252336 	 0.151413
0.246488 	 0.148431
0.240712 	 0.145469
0.235010 	 0.142527
0.229380 	 0.139606
0.223824 	 0.136707
0.218340 	 0.133829
0.212930 	 0.130973
0.207592 	 0.128140
0.202326 	 0.125329
0.197134 	 0.122541
0.192014 	 0.119777
0.186966 	 0.117037
0.181991 	 0.114321
0.177088 	 0.111629
0.172258 	 0.108963
0.167499 	 0.106322
0.162812 	 0.103706
0.158198 	 0.101116
0.153655 	 0.098553
0.149183 	 0.096016
0.144783 	 0.093506
0.140455 	 0.091023
0.136197 	 0.088568
0.132011 	 0.086141
0.127895 	 0.083742
0.123850 	 0.081372
0.119876 	 0.079031
0.115971 	 0.076718
0.112137 	 0.074435
0.108373 	 0.072182
0.104679 	 0.069959
0.101054 	 0.067766
0.097498 	 0.065604
0.094012 	 0.063473
0.090594 	 0.061373
0.087245 	 0.059305
0.083965 	 0.057268
0.080752 	 0.055263
0.077608 	 0.053290
0.074531 	 0.051350
0.071522 	 0.049442
0.068580 	 0.047568
0.065705 	 0.045727
0.062896 	 0.043919
0.060154 	 0.042145
0.057478 	 0.040405
0.054867 	 0.038699
0.052323 	 0.037027
0.049843 	 0.035390
0.047429 	 0.033788
0.045079 	 0.032220
0.042793 	 0.030688
0.040571 	 0.029192
0.038413 	 0.027731
0.036318 	 0.026305
0.034287 	 0.024916
0.032318 	 0.023563
0.030411 	 0.022246
0.028566 	 0.020966
0.026784 	 0.019722
0.025062 	 0.018515
0.023401 	 0.017345
0.021801 	 0.016212
0.020261 	 0.015116
0.018781 	 0.014058
0.017361 	 0.013037
0.015999 	 0.012054
0.014697 	 0.011109
0.013452 	 0.010202
0.012266 	 0.009333
0.011137 	 0.008501
0.010066 	 0.007709
0.009051 	 0.006954
0.008092 	 0.006238
0.007190 	 0.005560
0.006343 	 0.004921
0.005551 	 0.004321
0.004814 	 0.003759
0.004131 	 0.003237
0.003503 	 0.002753
0.002927 	 0.002308
0.002405 	 0.001902
0.001935 	 0.001536
0.001517 	 0.001208
0.001152 	 0.000920
0.000837 	 0.000671
0.000573 	 0.000461
0.000360 	 0.000290
0.000196 	 0.000159
0.000082 	 0.000067
0.000017 	 0.000014
0.000001 	 0.000000
0.000032 	 0.000026
0.000111 	 0.000092
0.000238 	 0.000196
0.000411 	 0.000340
0.000630 	 0.000523
0.000895 	 0.000746
0.001206 	 0.001007
0.001561 	 0.001308
0.001960 	 0.001648
0.002403 	 0.002027
0.002890 	 0.002445
0.003419 	 0.002902
0.003991 	 0.003399
0.004605 	 0.003934
0.005260 	 0.004507
0.005956 	 0.005120
0.006692 	 0.005771
0.007468 	 0.006461
0.008284 	 0.007190
0.009138 	 0.007956
0.010031 	 0.008762
0.010962 	 0.009605
0.011930 	 0.010486
0.012935 	 0.011406
0.013976 	 0.012363
0.015053 	 0.013358
0.016166 	 0.014391
0.017313 	 0.015461
0.018495 	 0.016569
0.019710 	 0.017714
0.020959 	 0.018896
0.022241 	 0.020114
0.023555 	 0.021370
0.024900 	 0.022662
0.026277 	 0.023991
0.027685 	 0.025356
0.029123 	 0.026757
0.030590 	 0.028194
0.032087 	 0.029667
0.033612 	 0.031176
0.035166 	 0.032719
0.036747 	 0.034298
0.038355 	 0.035912
0.039990 	 0.037561
0.041651 	 0.039244
0.043338 	 0.040962
0.045049 	 0.042714
0.046785 	 0.044500
0.048545 	 0.046319
0.050329 	 0.048172
0.052135 	 0.050059
0.053964 	 0.051978
0.055815 	 0.053930
0.057687 	 0.055914
0.059580 	 0.057931
0.061494 	 0.059980
0.063428 	 0.062061
0.065380 	 0.064173
0.067352 	 0.066316
0.069342 	 0.068490
0.071350 	 0.070695
0.073375 	 0.072931
0.075417 	 0.075196
0.077476 	 0.077491
0.079550 	 0.079816
0.081639 	 0.082171
0.083743 	 0.084554
0.085862 	 0.086966
0.087994 	 0.089406
0.090140 	 0.091874
0.092298 	 0.094370
0.094469 	 0.096894
0.096651 	 0.099444
0.098845 	 0.102022
0.101050 	 0.104626
0.103265 	 0.107256
0.105490 	 0.109911
0.107724 	 0.112593
0.109967 	 0.115299
0.112219 	 0.118031
0.114478 	 0.120786
0.116745 	 0.123566
0.119019 	 0.126370
0.121299 	 0.129197
0.123585 	 0.132047
0.125877 	 0.134920
0.128174 	 0.137816
0.130476 	 0.140733
0.132781 	 0.143672
0.135091 	 0.146632
0.137403 	 0.149613
0.139719 	 0.152615
0.142036 	 0.155637
0.144356 	 0.158678
0.146677 	 0.161739
0.148999 	 0.164819
0.151321 	 0.167917
0.153644 	 0.171034
0.155966 	 0.174169
0.158287 	 0.177321
0.160608 	 0.180490
0.162926 	 0.183676
0.165243 	 0.186878
0.167557 	 0.190096
0.169868 	 0.193329
0.172175 	 0.196577
0.174479 	 0.199840
0.176779 	 0.203118
0.179075 	 0.206409
0.181365 	 0.209713
0.183650 	 0.213031
0.185929 	 0.216361
0.188202 	 0.219703
0.190469 	 0.223057
0.192728 	 0.226423
0.194981 	 0.229799
0.197225 	 0.233186
0.199462 	 0.236583
0.201690 	 0.239990
0.203909 	 0.243406
0.206119 	 0.246830
0.208319 	 0.250263
0.210510 	 0.253704
0.212690 	 0.257153
0.214859 	 0.260608
0.217018 	 0.264070
0.219165 	 0.267539
0.221301 	 0.271013
0.223424 	 0.274493
0.225536 	 0.277977
0.227634 	 0.281466
0.229720 	 0.284959
0.231792 	 0.288456
0.233851 	 0.291956
0.235895 	 0.295459
0.237926 	 0.298964
0.239942 	 0.302471
0.241942 	 0.305979
0.243928 	 0.309488
0.245899 	 0.312998
0.247853 	 0.316508
0.249791 	 0.320018
0.251714 	 0.323527
0.253619 	 0.327035
0.255508 	 0.330541
0.257379 	 0.334045
0.259233 	 0.337547
0.261070 	 0.341046
0.262888 	 0.344541
0.264688 	 0.348033
0.266470 	 0.351520
0.268233 	 0.355003
0.269977 	 0.358480
0.271702 	 0.361953
0.273408 	 0.365419
0.275093 	 0.368879
0.276759 	 0.372332
0.278405 	 0.375777
0.280031 	 0.379215
0.281636 	 0.382645
0.283220 	 0.386067
0.284784 	 0.389479
0.286326 	 0.392882
0.287847 	 0.396276
0.289347 	 0.399659
0.290824 	 0.403031
0.292280 	 0.406393
0.293714 	 0.409743
0.295126 	 0.413081
0.296515 	 0.416406
0.297882 	 0.419719
0.299226 	 0.423019
0.300547 	 0.426306
0.301845 	 0.429578
0.303119 	 0.432836
0.304371 	 0.436080
0.305599 	 0.439308
0.306803 	 0.442520
0.307984 	 0.445717
0.309141 	 0.448897
0.310274 	 0.452061
0.311383 	 0.455207
0.312467 	 0.458336
0.313527 	 0.461447
0.314563 	 0.464540
0.315575 	 0.467614
0.316561 	 0.470669
0.317523 	 0.473704
0.318461 	 0.476720
0.319373 	 0.479715
0.320260 	 0.482690
0.321123 	 0.485644
0.321960 	 0.488576
0.322772 	 0.491488
0.323559 	 0.494376
0.324321 	 0.497243
0.325057 	 0.500087
0.325768 	 0.502908
0.326453 	 0.505705
0.327113 	 0.508478
0.327748 	 0.511228
0.328357 	 0.513953
0.328940 	 0.516653
0.329498 	 0.519328
0.330030 	 0.521977
0.330537 	 0.524601
0.331017 	 0.527199
0.331473 	 0.529770
0.331902 	 0.532314
0.332306 	 0.534832
0.332685 	 0.537321
0.333037 	 0.539784
0.333365 	 0.542218
0.333666 	 0.544624
0.333942 	 0.547001
0.334192 	 0.549350
0.334417 	 0.551669
0.334616 	 0.553959
0.334790 	 0.556219
0.334938 	 0.558449
0.335061 	 0.560649
0.335159 	 0.562818
0.335231 	 0.564956
0.335278 	 0.567063
0.335300 	 0.569139
0.335297 	 0.571183
0.335269 	 0.573196
0.335216 	 0.575176
0.335137 	 0.577124
0.335034 	 0.579039
0.334907 	 0.580921
0.334754 	 0.582771
0.334577 	 0.584587
0.334376 	 0.586369
0.334150 	 0.588118
0.333899 	 0.589833
0.333625 	 0.591513
0.333326 	 0.593160
0.333004 	 0.594771
0.332657 	 0.596348
0.332287 	 0.597890
0.331893 	 0.599396
0.331476 	 0.600868
0.331035 	 0.602304
0.330571 	 0.603704
0.330083 	 0.605068
0.329573 	 0.606396
0.329040 	 0.607688
0.328484 	 0.608944
0.327905 	 0.610163
0.327304 	 0.611345
0.326680 	 0.612491
0.326034 	 0.613599
0.325367 	 0.614671
0.324677 	 0.615705
0.323966 	 0.616702
0.323233 	 0.617662
0.322478 	 0.618584
0.321703 	 0.619468
0.320906 	 0.620314
0.320089 	 0.621122
0.319250 	 0.621893
0.318391 	 0.622625
0.317512 	 0.623319
0.316613 	 0.623975
0.315693 	 0.624593
0.314754 	 0.625172
0.313795 	 0.625712
0.312817 	 0.626214
0.311819 	 0.626677
0.310802 	 0.627102
0.309767 	 0.627488
0.308713 	 0.627835
0.307640 	 0.628143
0.306549 	 0.628413
0.305440 	 0.628643
0.304313 	 0.628835
0.303168 	 0.628987
0.302006 	 0.629101
0.300827 	 0.629175
0.299630 	 0.629211
0.298417 	 0.629208
0.297187 	 0.629165
0.295941 	 0.629084
0.294679 	 0.628964
0.293400 	 0.628805
0.292107 	 0.628607
0.290797 	 0.628369
0.289472 	 0.628094
0.288133 	 0.627779
0.286778 	 0.627425
0.285409 	 0.627033
0.284025 	 0.626602
0.282627 	 0.626132
0.281216 	 0.625624
0.279791 	 0.625077
0.278352 	 0.624492
0.276900 	 0.623868
0.275435 	 0.623206
0.273958 	 0.622506
0.272468 	 0.621768
0.270966 	 0.620992
0.269452 	 0.620177
0.267926 	 0.619325
0.266388 	 0.618435
0.264840 	 0.617508
0.263280 	 0.616543
0.261709 	 0.615541
0.260128 	 0.614501
0.258537 	 0.613424
0.256936 	 0.612310
0.255325 	 0.611160
0.253704 	 0.609972
0.252074 	 0.608749
0.250435 	 0.607488
0.248787 	 0.606192
0.247131 	 0.604859
0.245466 	 0.603490
0.243793 	 0.602086
0.242113 	 0.600646
0.240425 	 0.599171
0.238729 	 0.597660
0.237027 	 0.596115
0.235317 	 0.594534
0.233602 	 0.592919
0.231879 	 0.591270
0.230151 	 0.589586
0.228417 	 0.587868
0.226678 	 0.586117
0.224933 	 0.584331
0.223183 	 0.582513
0.221428 	 0.580661
0.219668 	 0.578777
0.217905 	 0.576859
0.216137 	 0.574910
0.214365 	 0.572928
0.212590 	 0.570914
0.210811 	 0.568868
0.209030 	 0.566791
0.207245 	 0.564683
0.205458 	 0.562544
0.203668 	 0.560374
0.201876 	 0.558174
0.200083 	 0.555943
0.198287 	 0.553683
0.196491 	 0.551393
0.194693 	 0.549074
0.192894 	 0.546726
0.191094 	 0.544349
0.189294 	 0.541944
0.187494 	 0.539511
0.185694 	 0.537050
0.183894 	 0.534561
0.182094 	 0.532045
0.180295 	 0.529502
0.178497 	 0.526933
0.176700 	 0.524338
0.174905 	 0.521716
0.173111 	 0.519069
0.171319 	 0.516397
0.169529 	 0.513699
0.167741 	 0.510978
0.165955 	 0.508231
0.164173 	 0.505461
0.162393 	 0.502668
0.160616 	 0.499851
0.158843 	 0.497011
0.157073 	 0.494149
0.155307 	 0.491264
0.153544 	 0.488358
0.151786 	 0.485430
0.150033 	 0.482481
0.148284 	 0.479511
0.146539 	 0.476521
0.144800 	 0.473511
0.143066 	 0.470481
0.141337 	 0.467432
0.139613 	 0.464364
0.137896 	 0.461278
0.136184 	 0.458173
0.134478 	 0.455051
0.132779 	 0.451912
0.131086 	 0.448755
0.129400 	 0.445582
0.127720 	 0.442393
0.126048 	 0.439188
0.124383 	 0.435967
0.122725 	 0.432732
0.121075 	 0.429482
0.119432 	 0.426217
0.117797 	 0.422939
0.116171 	 0.419648
0.114552 	 0.416344
0.112942 	 0.413027
0.111340 	 0.409698
0.109747 	 0.406357
0.108163 	 0.403005
0.106588 	 0.399642
0.105021 	 0.396268
0.103464 	 0.392885
0.101917 	 0.389492
0.100379 	 0.386089
0.098850 	 0.382678
0.097332 	 0.379258
0.095823 	 0.375831
0.094325 	 0.372395
0.092836 	 0.368953
0.091358 	 0.365504
0.089890 	 0.362049
0.088433 	 0.358588
0.086987 	 0.355121
0.085551 	 0.351650
0.084127 	 0.348173
0.082713 	 0.344693
0.081310 	 0.341209
0.079919 	 0.337722
0.078539 	 0.334232
0.077170 	 0.330740
0.075813 	 0.327245
0.074467 	 0.323749
0.073133 	 0.320252
0.071811 	 0.316754
0.070501 	 0.313256
0.069203 	 0.309759
0.067917 	 0.306261
0.066642 	 0.302765
0.065381 	 0.299271
0.064131 	 0.295778
0.062894 	 0.292288
0.061669 	 0.288800
0.060456 	 0.285315
0.059256 	 0.281835
0.058069 	 0.278358
0.056894 	 0.274886
0.055732 	 0.271419
0.054582 	 0.267957
0.053446 	 0.264501
0.052322 	 0.261051
0.051211 	 0.257607
0.050113 	 0.254171
0.049028 	 0.250742
0.047956 	 0.247322
0.046897 	 0.243909
0.045851 	 0.240505
0.044818 	 0.237111
0.043798 	 0.233726
0.042791 	 0.230351
0.041797 	 0.226986
0.040817 	 0.223633
0.039849 	 0.220290
0.038895 	 0.216959
0.037953 	 0.213641
0.037025 	 0.210335
0.036110 	 0.207041
0.035209 	 0.203761
0.034320 	 0.200495
0.033445 	 0.197243
0.032582 	 0.194005
0.031733 	 0.190783
0.030897 	 0.187575
0.030073 	 0.184384
0.029263 	 0.181208
0.028466 	 0.178049
0.027682 	 0.174907
0.026911 	 0.171782
0.026153 	 0.168675
0.025408 	 0.165585
0.024675 	 0.162515
0.023956 	 0.159463
0.023249 	 0.156430
0.022555 	 0.153417
0.021873 	 0.150423
0.021205 	 0.147450
0.020548 	 0.144498
0.019905 	 0.141567
0.019274 	 0.138657
0.018655 	 0.135769
0.018048 	 0.132903
0.017454 	 0.130059
0.016872 	 0.127238
0.016302 	 0.124441
0.015745 	 0.121666
0.015199 	 0.118916
0.014665 	 0.116190
0.014143 	 0.113489
0.013632 	 0.110812
0.013134 	 0.108160
0.012647 	 0.105534
0.012171 	 0.102934
0.011707 	 0.100360
0.011254 	 0.097813
0.010812 	 0.095292
0.010382 	 0.092798
0.009962 	 0.090332
0.009554 	 0.087894
0.009156 	 0.085483
0.008769 	 0.083101
0.008392 	 0.080747
0.008026 	 0.078423
0.007670 	 0.076127
0.007325 	 0.073861
0.006989 	 0.071625
0.006664 	 0.069419
0.006349 	 0.067243
0.006043 	 0.065098
0.005747 	 0.062983
0.005460 	 0.060900
0.005183 	 0.058847
0.004915 	 0.056827
0.004656 	 0.054838
0.004407 	 0.052882
0.004166 	 0.050958
0.003933 	 0.049066
0.003710 	 0.047207
0.003495 	 0.045381
0.003288 	 0.043589
0.003089 	 0.041830
0.002898 	 0.040104
0.002715 	 0.038413
0.002540 	 0.036756
0.002373 	 0.035133
0.002212 	 0.033544
0.002059 	 0.031991
0.001914 	 0.030472
0.001775 	 0.028988
0.001643 	 0.027540
0.001517 	 0.026127
0.001398 	 0.024749
0.001286 	 0.023408
0.001179 	 0.022102
0.001078 	 0.020833
0.000984 	 0.019600
0.000895 	 0.018403
0.000811 	 0.017243
0.000733 	 0.016120
0.000660 	 0.015033
0.000592 	 0.013984
0.000529 	 0.012971
0.000470 	 0.011996
0.000416 	 0.011059
0.000366 	 0.010159
0.000320 	 0.009296
0.000279 	 0.008471
0.000241 	 0.007684
0.000206 	 0.006935
0.000175 	 0.006224
0.000148 	 0.005551
0.000123 	 0.004916
0.000101 	 0.004319
0.000082 	 0.003761
0.000066 	 0.003241
0.000052 	 0.002760
0.000040 	 0.002317
0.000030 	 0.001913
0.000022 	 0.001547
0.000015 	 0.001220
0.000010 	 0.000932
0.000006 	 0.000682
0.000004 	 0.000471
0.000002 	 0.000300
0.000001 	 0.000166
0.000000 	 0.000072
0.000000 	 0.000017
-0.000000 	 0.000000
-0.000000 	 0.000022
-0.000000 	 0.000084
-0.000001 	 0.000184
-0.000002 	 0.000322
-0.000004 	 0.000500
-0.000007 	 0.000716
-0.000011 	 0.000972
-0.000016 	 0.001266
-0.000023 	 0.001598
-0.000031 	 0.001970
-0.000041 	 0.002380
-0.000054 	 0.002828
-0.000068 	 0.003315
-0.000085 	 0.003841
-0.000104 	 0.004405
-0.000126 	 0.005007
-0.000151 	 0.005647
-0.000180 	 0.006326
-0.000211 	 0.007043
-0.000246 	 0.007797
-0.000284 	 0.008590
-0.000327 	 0.009420
-0.000373 	 0.010288
-0.000424 	 0.011194
-0.000478 	 0.012137
-0.000538 	 0.013118
-0.000602 	 0.014136
-0.000670 	 0.015191
-0.000744 	 0.016282
-0.000823 	 0.017411
-0.000907 	 0.018577
-0.000997 	 0.019779
-0.001093 	 0.021017
-0.001194 	 0.022292
-0.001302 	 0.023603
-0.001415 	 0.024950
-0.001535 	 0.026332
-0.001662 	 0.027750
-0.001795 	 0.029204
-0.001935 	 0.030693
-0.002081 	 0.032217
-0.002235 	 0.033776
-0.002397 	 0.035369
-0.002565 	 0.036997
-0.002742 	 0.038659
-0.002926 	 0.040356
-0.003118 	 0.042086
-0.003318 	 0.043850
-0.003526 	 0.045648
-0.003742 	 0.047478
-0.003967 	 0.049342
-0.004201 	 0.051238
-0.004443 	 0.053167
-0.004694 	 0.055129
-0.004954 	 0.057122
-0.005223 	 0.059147
-0.005502 	 0.061204
-0.005790 	 0.063292
-0.006087 	 0.065411
-0.006394 	 0.067561
-0.006711 	 0.069741
-0.007038 	 0.071952
-0.007375 	 0.074193
-0.007722 	 0.076463
-0.008079 	 0.078763
-0.008447 	 0.081092
-0.008825 	 0.083449
-0.009214 	 0.085836
-0.009613 	 0.088250
-0.010023 	 0.090693
-0.010445 	 0.093163
-0.010877 	 0.095661
-0.011320 	 0.098185
-0.011775 	 0.100737
-0.012240 	 0.103315
-0.012718 	 0.105919
-0.013206 	 0.108548
-0.013707 	 0.111204
-0.014219 	 0.113884
-0.014743 	 0.116589
-0.015278 	 0.119319
-0.015826 	 0.122073
-0.016385 	 0.124850
-0.016957 	 0.127651
-0.017541 	 0.130476
-0.018137 	 0.133322
-0.018745 	 0.136192
-0.019366 	 0.139083
-0.019999 	 0.141996
-0.020644 	 0.144931
-0.021302 	 0.147886
-0.021973 	 0.150862
-0.022656 	 0.153858
-0.023352 	 0.156874
-0.024061 	 0.159910
-0.024782 	 0.162965
-0.025516 	 0.166038
-0.026264 	 0.169130
-0.027024 	 0.172240
-0.027797 	 0.175368
-0.028583 	 0.178512
-0.029382 	 0.181674
-0.030194 	 0.184852
-0.031019 	 0.188046
-0.031857 	 0.191255
-0.032708 	 0.194480
-0.033572 	 0.197720
-0.034450 	 0.200974
-0.035340 	 0.204243
-0.036244 	 0.207525
-0.037161 	 0.210820
-0.038091 	 0.214128
-0.039034 	 0.217448
-0.039990 	 0.220781
-0.040960 	 0.224125
-0.041942 	 0.227480
-0.042938 	 0.230846
-0.043947 	 0.234223
-0.044969 	 0.237609
-0.046004 	 0.241005
-0.047052 	 0.244410
-0.048113 	 0.247824
-0.049187 	 0.251246
-0.050274 	 0.254676
-0.051374 	 0.258113
-0.052486 	 0.261557
-0.053612 	 0.265008
-0.054751 	 0.268465
-0.055902 	 0.271928
-0.057066 	 0.275396
-0.058242 	 0.278869
-0.059432 	 0.282346
-0.060634 	 0.285827
-0.061848 	 0.289312
-0.063075 	 0.292800
-0.064314 	 0.296291
-0.065565 	 0.299784
-0.066829 	 0.303279
-0.068105 	 0.306775
-0.069393 	 0.310273
-0.070693 	 0.313771
-0.072005 	 0.317269
-0.073329 	 0.320766
-0.074664 	 0.324263
-0.076012 	 0.327759
-0.077370 	 0.331253
-0.078741 	 0.334745
-0.080123 	 0.338235
-0.081516 	 0.341722
-0.082920 	 0.345205
-0.084335 	 0.348685
-0.085762 	 0.352160
-0.087199 	 0.355631
-0.088647 	 0.359097
-0.090106 	 0.362557
-0.091575 	 0.366011
-0.093054 	 0.369460
-0.094544 	 0.372901
-0.096044 	 0.376335
-0.097554 	 0.379761
-0.099075 	 0.383180
-0.100604 	 0.386590
-0.102144 	 0.389991
-0.103693 	 0.393383
-0.105251 	 0.396765
-0.106819 	 0.400137
-0.108395 	 0.403498
-0.109981 	 0.406849
-0.111575 	 0.410188
-0.113178 	 0.413515
-0.114790 	 0.416830
-0.116409 	 0.420133
-0.118037 	 0.423422
-0.119673 	 0.426698
-0.121317 	 0.429960
-0.122968 	 0.433208
-0.124627 	 0.436441
-0.126293 	 0.439660
-0.127967 	 0.442862
-0.129647 	 0.446049
-0.131334 	 0.449220
-0.133028 	 0.452374
-0.134729 	 0.455511
-0.136435 	 0.458631
-0.138148 	 0.461733
-0.139866 	 0.464816
-0.141590 	 0.467881
-0.143320 	 0.470928
-0.145055 	 0.473954
-0.146795 	 0.476962
-0.148540 	 0.479949
-0.150290 	 0.482915
-0.152044 	 0.485861
-0.153803 	 0.488786
-0.155566 	 0.491689
-0.157333 	 0.494571
-0.159103 	 0.497430
-0.160877 	 0.500266
-0.162654 	 0.503080
-0.164434 	 0.505870
-0.166218 	 0.508637
-0.168003 	 0.511379
-0.169792 	 0.514098
-0.171582 	 0.516791
-0.173374 	 0.519460
-0.175169 	 0.522103
-0.176964 	 0.524721
-0.178761 	 0.527312
-0.180560 	 0.529878
-0.182359 	 0.532417
-0.184158 	 0.534928
-0.185958 	 0.537413
-0.187759 	 0.539870
-0.189559 	 0.542299
-0.191359 	 0.544700
-0.193158 	 0.547073
-0.194957 	 0.549417
-0.196755 	 0.551731
-0.198551 	 0.554017
-0.200346 	 0.556273
-0.202140 	 0.558499
-0.203931 	 0.560695
-0.205721 	 0.562860
-0.207507 	 0.564995
-0.209292 	 0.567098
-0.211073 	 0.569171
-0.212851 	 0.571212
-0.214626 	 0.573221
-0.216397 	 0.575198
-0.218164 	 0.577143
-0.219927 	 0.579056
-0.221686 	 0.580935
-0.223440 	 0.582782
-0.225189 	 0.584596
-0.226934 	 0.586376
-0.228672 	 0.588123
-0.230406 	 0.589836
-0.232133 	 0.591514
-0.233854 	 0.593159
-0.235569 	 0.594769
-0.237277 	 0.596344
-0.238979 	 0.597885
-0.240673 	 0.599390
-0.242360 	 0.600860
-0.244040 	 0.602295
-0.245711 	 0.603694
-0.247375 	 0.605057
-0.249030 	 0.606385
-0.250676 	 0.607676
-0.252314 	 0.608931
-0.253943 	 0.610149
-0.255562 	 0.611331
-0.257172 	 0.612476
-0.258772 	 0.613585
-0.260361 	 0.614656
-0.261941 	 0.615690
-0.263510 	 0.616687
-0.265068 	 0.617646
-0.266615 	 0.618568
-0.268151 	 0.619453
-0.269675 	 0.620299
-0.271187 	 0.621108
-0.272688 	 0.621879
-0.274176 	 0.622611
-0.275652 	 0.623306
-0.277114 	 0.623962
-0.278564 	 0.624580
-0.280001 	 0.625160
-0.281424 	 0.625701
-0.282834 	 0.626204
-0.284229 	 0.626668
-0.285611 	 0.627093
-0.286978 	 0.627480
-0.288330 	 0.627827
-0.289668 	 0.628137
-0.290990 	 0.628407
-0.292297 	 0.628638
-0.293589 	 0.628830
-0.294865 	 0.628984
-0.296125 	 0.629099
-0.297368 	 0.629174
-0.298596 	 0.629211
-0.299806 	 0.629208
-0.301000 	 0.629167
-0.302177 	 0.629087
-0.303336 	 0.628967
-0.304478 	 0.628809
-0.305602 	 0.628612
-0.306709 	 0.628376
-0.307797 	 0.628101
-0.308867 	 0.627787
-0.309919 	 0.627434
-0.310951 	 0.627043
-0.311965 	 0.626612
-0.312960 	 0.626144
-0.313936 	 0.625636
-0.314892 	 0.625090
-0.315828 	 0.624505
-0.316744 	 0.623882
-0.317641 	 0.623221
-0.318517 	 0.622521
-0.319373 	 0.621784
-0.320208 	 0.621008
-0.321023 	 0.620194
-0.321816 	 0.619342
-0.322589 	 0.618453
-0.323340 	 0.617525
-0.324070 	 0.616561
-0.324778 	 0.615558
-0.325464 	 0.614519
-0.326129 	 0.613442
-0.326771 	 0.612328
-0.327392 	 0.611177
-0.327990 	 0.609990
-0.328565 	 0.608765
-0.329118 	 0.607505
-0.329648 	 0.606208
-0.330155 	 0.604874
-0.330639 	 0.603505
-0.331100 	 0.602100
-0.331537 	 0.600659
-0.331951 	 0.599183
-0.332342 	 0.597671
-0.332708 	 0.596124
-0.333052 	 0.594543
-0.333371 	 0.592926
-0.333666 	 0.591275
-0.333937 	 0.589590
-0.334183 	 0.587870
-0.334406 	 0.586117
-0.334604 	 0.584330
-0.334777 	 0.582509
-0.334926 	 0.580655
-0.335051 	 0.578768
-0.335150 	 0.576849
-0.335225 	 0.574896
-0.335274 	 0.572912
-0.335299 	 0.570895
-0.335299 	 0.568846
-0.335273 	 0.566766
-0.335223 	 0.564655
-0.335147 	 0.562512
-0.335045 	 0.560339
-0.334919 	 0.558135
-0.334767 	 0.555901
-0.334590 	 0.553637
-0.334387 	 0.551343
-0.334158 	 0.549020
-0.333904 	 0.546667
-0.333625 	 0.544286
-0.333320 	 0.541876
-0.332989 	 0.539438
-0.332633 	 0.536972
-0.332251 	 0.534479
-0.331843 	 0.531958
-0.331410 	 0.529410
-0.330951 	 0.526835
-0.330467 	 0.524234
-0.329957 	 0.521607
-0.329421 	 0.518954
-0.328860 	 0.516276
-0.328273 	 0.513572
-0.327660 	 0.510844
-0.327022 	 0.508091
-0.326359 	 0.505315
-0.325670 	 0.502514
-0.324955 	 0.499691
-0.324216 	 0.496844
-0.323451 	 0.493974
-0.322660 	 0.491082
-0.321845 	 0.488169
-0.321004 	 0.485233
-0.320138 	 0.482276
-0.319247 	 0.479299
-0.318332 	 0.476301
-0.317391 	 0.473283
-0.316426 	 0.470245
-0.315436 	 0.467187
-0.314421 	 0.464111
-0.313382 	 0.461016
-0.312318 	 0.457903
-0.311230 	 0.454772
-0.310118 	 0.451623
-0.308982 	 0.448458
-0.307822 	 0.445275
-0.306638 	 0.442077
-0.305431 	 0.438862
-0.304199 	 0.435632
-0.302945 	 0.432387
-0.301667 	 0.429127
-0.300366 	 0.425853
-0.299042 	 0.422565
-0.297695 	 0.419263
-0.296325 	 0.415949
-0.294933 	 0.412622
-0.293518 	 0.409282
-0.292081 	 0.405931
-0.290623 	 0.402568
-0.289142 	 0.399195
-0.287640 	 0.395810
-0.286116 	 0.392416
-0.284571 	 0.389012
-0.283004 	 0.385598
-0.281417 	 0.382176
-0.279810 	 0.378745
-0.278181 	 0.375306
-0.276533 	 0.371860
-0.274864 	 0.368406
-0.273176 	 0.364946
-0.271468 	 0.361479
-0.269740 	 0.358006
-0.267994 	 0.354528
-0.266228 	 0.351045
-0.264444 	 0.347557
-0.262641 	 0.344065
-0.260821 	 0.340570
-0.258982 	 0.337071
-0.257126 	 0.333569
-0.255252 	 0.330065
-0.253361 	 0.326559
-0.251454 	 0.323051
-0.249529 	 0.319542
-0.247589 	 0.316032
-0.245632 	 0.312523
-0.243660 	 0.309013
-0.241673 	 0.305504
-0.239670 	 0.301996
-0.237652 	 0.298490
-0.235620 	 0.294985
-0.233573 	 0.291483
-0.231513 	 0.287984
-0.229439 	 0.284488
-0.227352 	 0.280996
-0.225252 	 0.277507
-0.223139 	 0.274024
-0.221014 	 0.270545
-0.218877 	 0.267072
-0.216728 	 0.263605
-0.214568 	 0.260143
-0.212398 	 0.256689
-0.210216 	 0.253242
-0.208024 	 0.249802
-0.205823 	 0.246370
-0.203612 	 0.242947
-0.201392 	 0.239533
-0.199163 	 0.236128
-0.196925 	 0.232732
-0.194680 	 0.229347
-0.192427 	 0.225973
-0.190167 	 0.222609
-0.187899 	 0.219257
-0.185626 	 0.215916
-0.183346 	 0.212588
-0.181060 	 0.209272
-0.178769 	 0.205970
-0.176474 	 0.202681
-0.174173 	 0.199406
-0.171869 	 0.196145
-0.169561 	 0.192898
-0.167250 	 0.189667
-0.164935 	 0.186452
-0.162619 	 0.183252
-0.160300 	 0.180069
-0.157980 	 0.176902
-0.155658 	 0.173753
-0.153336 	 0.170621
-0.151014 	 0.167507
-0.148692 	 0.164411
-0.146370 	 0.161334
-0.144049 	 0.158275
-0.141730 	 0.155237
-0.139413 	 0.152218
-0.137098 	 0.149219
-0.134786 	 0.146241
-0.132478 	 0.143284
-0.130173 	 0.140348
-0.127872 	 0.137434
-0.125576 	 0.134542
-0.123285 	 0.131672
-0.120999 	 0.128825
-0.118720 	 0.126001
-0.116447 	 0.123200
-0.114182 	 0.120424
-0.111923 	 0.117671
-0.109673 	 0.114944
-0.107431 	 0.112241
-0.105198 	 0.109563
-0.102975 	 0.106910
-0.100762 	 0.104284
-0.098558 	 0.101684
-0.096366 	 0.099110
-0.094185 	 0.096563
-0.092016 	 0.094043
-0.089860 	 0.091551
-0.087716 	 0.089087
-0.085586 	 0.086650
-0.083469 	 0.084242
-0.081367 	 0.081863
-0.079280 	 0.079513
-0.077208 	 0.077192
-0.075151 	 0.074901
-0.073112 	 0.072639
-0.071089 	 0.070408
-0.069083 	 0.068207
-0.067096 	 0.066037
-0.065127 	 0.063898
-0.063177 	 0.061790
-0.061246 	 0.059714
-0.059335 	 0.057669
-0.057445 	 0.055657
-0.055575 	 0.053676
-0.053727 	 0.051729
-0.051901 	 0.049814
-0.050098 	 0.047932
-0.048317 	 0.046083
-0.046561 	 0.044268
-0.044828 	 0.042487
-0.043120 	 0.040740
-0.041437 	 0.039026
-0.039779 	 0.037348
-0.038148 	 0.035703
-0.036543 	 0.034094
-0.034966 	 0.032520
-0.033416 	 0.030981
-0.031894 	 0.029477
-0.030401 	 0.028009
-0.028938 	 0.026576
-0.027504 	 0.025180
-0.026100 	 0.023820
-0.024727 	 0.022496
-0.023386 	 0.021208
-0.022076 	 0.019957
-0.020799 	 0.018743
-0.019554 	 0.017566
-0.018343 	 0.016426
-0.017166 	 0.015323
-0.016023 	 0.014258
-0.014915 	 0.013230
-0.013842 	 0.012240
-0.012805 	 0.011287
-0.011805 	 0.010373
-0.010842 	 0.009496
-0.009916 	 0.008658
-0.009028 	 0.007857
-0.008178 	 0.007096
-0.007368 	 0.006372
-0.006597 	 0.005687
-0.005866 	 0.005041
-0.005175 	 0.004433
-0.004525 	 0.003864
-0.003917 	 0.003334
-0.003350 	 0.002843
-0.002826 	 0.002391
-0.002345 	 0.001977
-0.001908 	 0.001603
-0.001514 	 0.001268
-0.001164 	 0.000972
-0.000860 	 0.000716
-0.000600 	 0.000498
-0.000387 	 0.000320
-0.000219 	 0.000181
-0.000099 	 0.000081
-0.000026 	 0.000021
-0.000000 	 0.000000
-0.000023 	 0.000018
-0.000094 	 0.000076
-0.000214 	 0.000173
-0.000384 	 0.000309
-0.000603 	 0.000485
-0.000873 	 0.000699
-0.001194 	 0.000954
-0.001567 	 0.001247
-0.001991 	 0.001579
-0.002467 	 0.001951
-0.002996 	 0.002361
-0.003578 	 0.002811
-0.004213 	 0.003299
-0.004903 	 0.003827
-0.005646 	 0.004393
-0.006445 	 0.004998
-0.007298 	 0.005642
-0.008208 	 0.006324
-0.009173 	 0.007045
-0.010195 	 0.007804
-0.011273 	 0.008602
-0.012409 	 0.009438
-0.013602 	 0.010312
-0.014854 	 0.011224
-0.016164 	 0.012173
-0.017532 	 0.013161
-0.018960 	 0.014186
-0.020447 	 0.015249
-0.021994 	 0.016349
-0.023602 	 0.017486
-0.025270 	 0.018661
-0.026999 	 0.019872
-0.028789 	 0.021120
-0.030641 	 0.022405
-0.032555 	 0.023726
-0.034532 	 0.025084
-0.036571 	 0.026477
-0.038673 	 0.027907
-0.040839 	 0.029372
-0.043068 	 0.030873
-0.045361 	 0.032409
-0.047719 	 0.033981
-0.050141 	 0.035587
-0.052629 	 0.037228
-0.055181 	 0.038904
-0.057799 	 0.040614
-0.060483 	 0.042358
-0.063233 	 0.044136
-0.066049 	 0.045948
-0.068932 	 0.047793
-0.071882 	 0.049672
-0.074900 	 0.051583
-0.077984 	 0.053527
-0.081137 	 0.055503
-0.084357 	 0.057512
-0.087646 	 0.059552
-0.091003 	 0.061625
-0.094428 	 0.063728
-0.097923 	 0.065863
-0.101486 	 0.068029
-0.105119 	 0.070225
-0.108822 	 0.072451
-0.112594 	 0.074708
-0.116436 	 0.076994
-0.120349 	 0.079310
-0.124331 	 0.081655
-0.128384 	 0.084028
-0.132508 	 0.086430
-0.136703 	 0.088861
-0.140969 	 0.091319
-0.145305 	 0.093804
-0.149714 	 0.096317
-0.154193 	 0.098857
-0.158744 	 0.101424
-0.163367 	 0.104016
-0.168062 	 0.106635
-0.172829 	 0.109279
-0.177668 	 0.111948
-0.182579 	 0.114643
-0.187562 	 0.117361
-0.192618 	 0.120104
-0.197746 	 0.122871
-0.202947 	 0.125661
-0.208221 	 0.128474
-0.213567 	 0.131310
-0.218986 	 0.134169
-0.224477 	 0.137049
-0.230042 	 0.139951
-0.235680 	 0.142874
-0.241390 	 0.145818
-0.247174 	 0.148782
-0.253031 	 0.151766
-0.258960 	 0.154770
-0.264963 	 0.157794
-0.271039 	 0.160836
-0.277188 	 0.163896
-0.283409 	 0.166975
-0.289704 	 0.170071
-0.296072 	 0.173185
-0.302513 	 0.176315
-0.309027 	 0.179462
-0.315614 	 0.182625
-0.322273 	 0.185803
-0.329006 	 0.188997
-0.335811 	 0.192205
-0.342689 	 0.195428
-0.349639 	 0.198664
-0.356662 	 0.201914
-0.363757 	 0.205177
-0.370925 	 0.208453
-0.378165 	 0.211741
-0.385477 	 0.215040
-0.392861 	 0.218351
-0.400317 	 0.221673
-0.407844 	 0.225005
-0.415443 	 0.228347
-0.423114 	 0.231698
-0.430856 	 0.235059
-0.438669 	 0.238428
-0.446553 	 0.241805
-0.454508 	 0.245190
-0.462533 	 0.248583
-0.470629 	 0.251982
-0.478795 	 0.255387
-0.487032 	 0.258799
-0.495338 	 0.262215
-0.503713 	 0.265637
-0.512158 	 0.269063
-0.520673 	 0.272494
-0.529256 	 0.275927
-0.537908 	 0.279364
-0.546628 	 0.282804
-0.555416 	 0.286246
-0.564273 	 0.289689
-0.573197 	 0.293134
-0.582188 	 0.296580
-0.591247 	 0.300026
-0.600372 	 0.303471
-0.609564 	 0.306917
-0.618822 	 0.310361
-0.628146 	 0.313803
-0.637536 	 0.317243
-0.646990 	 0.320681
-0.656510 	 0.324116
-0.666094 	 0.327548
-0.675743 	 0.330975
-0.685455 	 0.334399
-0.695231 	 0.337817
-0.705070 	 0.341230
-0.714972 	 0.344637
-0.724937 	 0.348038
-0.734963 	 0.351432
-0.745051 	 0.354819
-0.755200 	 0.358198
-0.765410 	 0.361570
-0.775681 	 0.364932
-0.786011 	 0.368285
-0.796401 	 0.371629
-0.806850 	 0.374963
-0.817358 	 0.378286
-0.827924 	 0.381599
-0.838548 	 0.384900
-0.849230 	 0.388189
-0.859968 	 0.391465
-0.870763 	 0.394729
-0.881613 	 0.397980
-0.892519 	 0.401217
-0.903480 	 0.404439
-0.914496 	 0.407648
-0.925565 	 0.410840
-0.936688 	 0.414018
-0.947864 	 0.417179
-0.959092 	 0.420324
-0.970373 	 0.423452
-0.981704 	 0.426562
-0.993087 	 0.429655
-1.004520 	 0.432730
-1.016002 	 0.435786
-1.027534 	 0.438822
-1.039114 	 0.441839
-1.050743 	 0.444836
-1.062419 	 0.447813
-1.074142 	 0.450768
-1.085911 	 0.453703
-1.097725 	 0.456615
-1.109586 	 0.459505
-1.121490 	 0.462373
-1.133438 	 0.465218
-1.145430 	 0.468039
-1.157465 	 0.470836
-1.169542 	 0.473609
-1.181660 	 0.476357
-1.193819 	 0.479080
-1.206018 	 0.481778
-1.218256 	 0.484449
-1.230534 	 0.487095
-1.242850 	 0.489713
-1.255203 	 0.492304
-1.267593 	 0.494868
-1.280020 	 0.497404
-1.292482 	 0.499911
-1.304978 	 0.502390
-1.317510 	 0.504839
-1.330074 	 0.507259
-1.342672 	 0.509650
-1.355301 	 0.512009
-1.367962 	 0.514339
-1.380654 	 0.516637
-1.393376 	 0.518904
-1.406127 	 0.521139
-1.418906 	 0.523342
-1.431714 	 0.525513
-1.444548 	 0.527650
-1.457409 	 0.529755
-1.470296 	 0.531826
-1.483207 	 0.533863
-1.496143 	 0.535866
-1.509102 	 0.537835
-1.522084 	 0.539769
-1.535087 	 0.541667
-1.548112 	 0.543530
-1.561157 	 0.545357
-1.574221 	 0.547148
-1.587305 	 0.548903
-1.600406 	 0.550621
-1.613525 	 0.552301
-1.626661 	 0.553945
-1.639812 	 0.555550
-1.652978 	 0.557118
-1.666158 	 0.558647
-1.679351 	 0.560138
-1.692557 	 0.561590
-1.705775 	 0.563003
-1.719003 	 0.564377
-1.732242 	 0.565711
-1.745490 	 0.567005
-1.758747 	 0.568259
-1.772011 	 0.569472
-1.785282 	 0.570645
-1.798560 	 0.571777
-1.811842 	 0.572867
-1.825129 	 0.573917
-1.838419 	 0.574924
-1.851712 	 0.575890
-1.865007 	 0.576814
-1.878304 	 0.577695
-1.891600 	 0.578534
-1.904896 	 0.579330
-1.918190 	 0.580083
-1.931482 	 0.580793
-1.944772 	 0.581460
-1.958056 	 0.582083
-1.971337 	 0.582663
-1.984611 	 0.583198
-1.997879 	 0.583690
-2.011140 	 0.584137
-2.024393 	 0.584540
-2.037636 	 0.584898
-2.050869 	 0.585211
-2.064092 	 0.585480
-2.077304 	 0.585704
-2.090503 	 0.585882
-2.103688 	 0.586015
-2.116859 	 0.586103
-2.130015 	 0.586145
-2.143156 	 0.586141
-2.156279 	 0.586092
-2.169385 	 0.585996
-2.182472 	 0.585855
-2.195540 	 0.585667
-2.208588 	 0.585434
-2.221615 	 0.585154
-2.234619 	 0.584827
-2.247602 	 0.584454
-2.260559 	 0.584034
-2.273493 	 0.583568
-2.286402 	 0.583055
-2.299284 	 0.582495
-2.312139 	 0.581889
-2.324966 	 0.581235
-2.337764 	 0.580535
-2.350532 	 0.579788
-2.363270 	 0.578993
-2.375977 	 0.578152
-2.388651 	 0.577263
-2.401292 	 0.576328
-2.413899 	 0.575345
-2.426471 	 0.574315
-2.439008 	 0.573239
-2.451508 	 0.572115
-2.463971 	 0.570944
-2.476395 	 0.569726
-2.488781 	 0.568461
-2.501126 	 0.567148
-2.513431 	 0.565789
-2.525693 	 0.564383
-2.537914 	 0.562930
-2.550091 	 0.561430
-2.562225 	 0.559883
-2.574313 	 0.558289
-2.586355 	 0.556649
-2.598351 	 0.554962
-2.610299 	 0.553228
-2.622199 	 0.551448
-2.634050 	 0.549621
-2.645851 	 0.547748
-2.657601 	 0.545829
-2.669299 	 0.543864
-2.680945 	 0.541852
-2.692538 	 0.539795
-2.704077 	 0.537691
-2.715561 	 0.535542
-2.726990 	 0.533348
-2.738362 	 0.531108
-2.749677 	 0.528822
-2.760934 	 0.526491
-2.772132 	 0.524116
-2.783270 	 0.521695
-2.794348 	 0.519229
-2.805365 	 0.516719
-2.816320 	 0.514165
-2.827213 	 0.511566
-2.838041 	 0.508923
-2.848806 	 0.506236
-2.859505 	 0.503505
-2.870140 	 0.500731
-2.880707 	 0.497914
-2.891207 	 0.495053
-2.901639 	 0.492149
-2.912002 	 0.489203
-2.922296 	 0.486214
-2.932520 	 0.483182
-2.942672 	 0.480109
-2.952754 	 0.476993
-2.962762 	 0.473836
-2.972698 	 0.470638
-2.982560 	 0.467398
-2.992347 	 0.464118
-3.002059 	 0.460797
-3.011695 	 0.457435
-3.021255 	 0.454033
-3.030737 	 0.450591
-3.040142 	 0.447110
-3.049467 	 0.443589
-3.058713 	 0.440029
-3.067880 	 0.436431
-3.076966 	 0.432793
-3.085970 	 0.429118
-3.094893 	 0.425405
-3.103733 	 0.421654
-3.112489 	 0.417865
-3.121162 	 0.414040
-3.129750 	 0.410178
-3.138253 	 0.406279
-3.146671 	 0.402345
-3.155002 	 0.398374
-3.163246 	 0.394369
-3.171403 	 0.390328
-3.179471 	 0.386252
-3.187451 	 0.382142
-3.195342 	 0.377998
-3.203142 	 0.373820
-3.210852 	 0.369609
-3.218472 	 0.365365
-3.225999 	 0.361088
-3.233435 	 0.356779
-3.240778 	 0.352437
-3.248028 	 0.348065
-3.255184 	 0.343661
-3.262246 	 0.339226
-3.269212 	 0.334761
-3.276084 	 0.330266
-3.282861 	 0.325741
-3.289541 	 0.321187
-3.296123 	 0.316604
-3.302609 	 0.311992
-3.308997 	 0.307352
-3.315287 	 0.302685
-3.321479 	 0.297991
-3.327571 	 0.293269
-3.333564 	 0.288522
-3.339457 	 0.283748
-3.345249 	 0.278948
-3.350940 	 0.274124
-3.356530 	 0.269274
-3.362020 	 0.264401
-3.367406 	 0.259503
-3.372691 	 0.254582
-3.377872 	 0.249638
-3.382950 	 0.244671
-3.387924 	 0.239682
-3.392795 	 0.234672
-3.397562 	 0.229640
-3.402223 	 0.224587
-3.406779 	 0.219514
-3.411230 	 0.214421
-3.415576 	 0.209309
-3.419816 	 0.204177
-3.423948 	 0.199027
-3.427975 	 0.193859
-3.431895 	 0.188674
-3.435708 	 0.183471
-3.439412 	 0.178252
-3.443009 	 0.173016
-3.446498 	 0.167765
-3.449879 	 0.162498
-3.453151 	 0.157217
-3.456315 	 0.151921
-3.459369 	 0.146612
-3.462314 	 0.141289
-3.465150 	 0.135953
-3.467876 	 0.130605
-3.470493 	 0.125245
-3.472999 	 0.119874
-3.475394 	 0.114491
-3.477680 	 0.109099
-3.479855 	 0.103696
-3.481919 	 0.098284
-3.483872 	 0.092863
-3.485715 	 0.087433
-3.487446 	 0.081995
-3.489065 	 0.076550
-3.490573 	 0.071098
-3.491970 	 0.065640
-3.493255 	 0.060175
-3.494428 	 0.054705
-3.495490 	 0.049230
-3.496439 	 0.043751
-3.497277 	 0.038268
-3.498002 	 0.032781
-3.498616 	 0.027291
-3.499117 	 0.021798
-3.499506 	 0.016304
-3.499783 	 0.010808
-3.499947 	 0.005311
-3.500000 	 -0.000186
-3.499940 	 -0.005684
-3.499767 	 -0.011181
-3.499483 	 -0.016676
-3.499086 	 -0.022171
-3.498578 	 -0.027663
-3.497957 	 -0.033153
-3.497223 	 -0.038639
-3.496379 	 -0.044123
-3.495422 	 -0.049602
-3.494353 	 -0.055077
-3.493171 	 -0.060546
-3.491879 	 -0.066010
-3.490475 	 -0.071468
-3.488959 	 -0.076920
-3.487332 	 -0.082364
-3.485593 	 -0.087801
-3.483743 	 -0.093230
-3.481782 	 -0.098651
-3.479712 	 -0.104062
-3.477529 	 -0.109465
-3.475235 	 -0.114857
-3.472833 	 -0.120238
-3.470319 	 -0.125609
-3.467695 	 -0.130968
-3.464962 	 -0.136315
-3.462118 	 -0.141650
-3.459166 	 -0.146972
-3.456104 	 -0.152281
-3.452933 	 -0.157575
-3.449653 	 -0.162856
-3.446265 	 -0.168121
-3.442769 	 -0.173372
-3.439164 	 -0.178606
-3.435452 	 -0.183824
-3.431633 	 -0.189026
-3.427705 	 -0.194210
-3.423672 	 -0.199377
-3.419531 	 -0.204526
-3.415284 	 -0.209656
-3.410932 	 -0.214767
-3.406473 	 -0.219859
-3.401910 	 -0.224930
-3.397241 	 -0.229982
-3.392468 	 -0.235012
-3.387590 	 -0.240021
-3.382609 	 -0.245008
-3.377524 	 -0.249974
-3.372336 	 -0.254916
-3.367044 	 -0.259836
-3.361651 	 -0.264732
-3.356155 	 -0.269604
-3.350558 	 -0.274452
-3.344860 	 -0.279275
-3.339060 	 -0.284072
-3.333161 	 -0.288844
-3.327161 	 -0.293590
-3.321062 	 -0.298310
-3.314864 	 -0.303003
-3.308568 	 -0.307668
-3.302172 	 -0.312306
-3.295680 	 -0.316915
-3.289091 	 -0.321496
-3.282404 	 -0.326049
-3.275621 	 -0.330571
-3.268743 	 -0.335065
-3.261770 	 -0.339528
-3.254701 	 -0.343960
-3.247539 	 -0.348362
-3.240283 	 -0.352733
-3.232933 	 -0.357072
-3.225492 	 -0.361379
-3.217958 	 -0.365654
-3.210332 	 -0.369896
-3.202616 	 -0.374105
-3.194809 	 -0.378280
-3.186913 	 -0.382422
-3.178927 	 -0.386530
-3.170853 	 -0.390603
-3.162690 	 -0.394641
-3.154440 	 -0.398645
-3.146102 	 -0.402613
-3.137679 	 -0.406545
-3.129171 	 -0.410441
-3.120576 	 -0.414300
-3.111898 	 -0.418123
-3.103135 	 -0.421909
-3.094290 	 -0.425658
-3.085361 	 -0.429368
-3.076352 	 -0.433041
-3.067261 	 -0.436676
-3.058089 	 -0.440272
-3.048838 	 -0.443829
-3.039506 	 -0.447347
-3.030097 	 -0.450826
-3.020609 	 -0.454265
-3.011045 	 -0.457664
-3.001403 	 -0.461023
-2.991686 	 -0.464342
-2.981893 	 -0.467619
-2.972027 	 -0.470856
-2.962086 	 -0.474052
-2.952073 	 -0.477206
-2.941986 	 -0.480319
-2.931829 	 -0.483389
-2.921600 	 -0.486418
-2.911302 	 -0.489404
-2.900934 	 -0.492347
-2.890497 	 -0.495248
-2.879993 	 -0.498106
-2.869420 	 -0.500921
-2.858782 	 -0.503692
-2.848078 	 -0.506420
-2.837309 	 -0.509103
-2.826476 	 -0.511743
-2.815579 	 -0.514339
-2.804620 	 -0.516891
-2.793599 	 -0.519398
-2.782516 	 -0.521860
-2.771374 	 -0.524278
-2.760172 	 -0.526651
-2.748911 	 -0.528979
-2.737593 	 -0.531261
-2.726217 	 -0.533498
-2.714785 	 -0.535690
-2.703296 	 -0.537835
-2.691754 	 -0.539936
-2.680157 	 -0.541990
-2.668507 	 -0.543998
-2.656806 	 -0.545961
-2.645052 	 -0.547877
-2.633248 	 -0.549747
-2.621394 	 -0.551570
-2.609490 	 -0.553347
-2.597538 	 -0.555078
-2.585540 	 -0.556762
-2.573495 	 -0.558399
-2.561403 	 -0.559989
-2.549267 	 -0.561533
-2.537087 	 -0.563030
-2.524863 	 -0.564480
-2.512598 	 -0.565883
-2.500291 	 -0.567239
-2.487942 	 -0.568548
-2.475554 	 -0.569810
-2.463127 	 -0.571025
-2.450662 	 -0.572193
-2.438159 	 -0.573313
-2.425620 	 -0.574387
-2.413045 	 -0.575413
-2.400436 	 -0.576393
-2.387793 	 -0.577325
-2.375116 	 -0.578210
-2.362408 	 -0.579049
-2.349668 	 -0.579840
-2.336897 	 -0.580584
-2.324096 	 -0.581281
-2.311268 	 -0.581931
-2.298411 	 -0.582535
-2.285527 	 -0.583091
-2.272617 	 -0.583601
-2.259682 	 -0.584064
-2.246722 	 -0.584481
-2.233738 	 -0.584851
-2.220732 	 -0.585174
-2.207704 	 -0.585451
-2.194655 	 -0.585682
-2.181585 	 -0.585866
-2.168497 	 -0.586004
-2.155390 	 -0.586097
-2.142265 	 -0.586143
-2.129124 	 -0.586143
-2.115967 	 -0.586098
-2.102794 	 -0.586008
-2.089608 	 -0.585871
-2.076408 	 -0.585690
-2.063196 	 -0.585463
-2.049973 	 -0.585192
-2.036738 	 -0.584875
-2.023494 	 -0.584514
-2.010242 	 -0.584108
-1.996980 	 -0.583658
-1.983711 	 -0.583163
-1.970436 	 -0.582625
-1.957156 	 -0.582042
-1.943870 	 -0.581416
-1.930581 	 -0.580746
-1.917289 	 -0.580034
-1.903994 	 -0.579277
-1.890698 	 -0.578478
-1.877402 	 -0.577637
-1.864106 	 -0.576752
-1.850811 	 -0.575826
-1.837518 	 -0.574857
-1.824228 	 -0.573847
-1.810941 	 -0.572795
-1.797659 	 -0.571701
-1.784382 	 -0.570567
-1.771111 	 -0.569391
-1.757848 	 -0.568175
-1.744592 	 -0.566918
-1.731344 	 -0.565622
-1.718106 	 -0.564285
-1.704878 	 -0.562909
-1.691661 	 -0.561493
-1.678456 	 -0.560038
-1.665263 	 -0.558545
-1.652084 	 -0.557013
-1.638919 	 -0.555443
-1.625769 	 -0.553834
-1.612635 	 -0.552188
-1.599517 	 -0.550505
-1.586417 	 -0.548785
-1.573335 	 -0.547028
-1.560272 	 -0.545235
-1.547228 	 -0.543405
-1.534204 	 -0.541539
-1.521202 	 -0.539639
-1.508222 	 -0.537703
-1.495265 	 -0.535732
-1.482331 	 -0.533726
-1.469421 	 -0.531687
-1.456536 	 -0.529613
-1.443677 	 -0.527506
-1.430844 	 -0.525366
-1.418039 	 -0.523194
-1.405261 	 -0.520988
-1.392512 	 -0.518751
-1.379793 	 -0.516482
-1.367103 	 -0.514182
-1.354444 	 -0.511850
-1.341816 	 -0.509488
-1.329221 	 -0.507096
-1.316659 	 -0.504674
-1.304130 	 -0.502223
-1.291636 	 -0.499742
-1.279176 	 -0.497233
-1.266752 	 -0.494695
-1.254364 	 -0.492130
-1.242013 	 -0.489536
-1.229700 	 -0.486916
-1.217425 	 -0.484269
-1.205189 	 -0.481596
-1.192993 	 -0.478896
-1.180837 	 -0.476172
-1.168721 	 -0.473422
-1.156648 	 -0.470647
-1.144616 	 -0.467848
-1.132627 	 -0.465025
-1.120682 	 -0.462179
-1.108780 	 -0.459310
-1.096923 	 -0.456418
-1.085111 	 -0.453504
-1.073345 	 -0.450568
-1.061625 	 -0.447611
-1.049953 	 -0.444634
-1.038328 	 -0.441635
-1.026750 	 -0.438617
-1.015222 	 -0.435579
-1.003743 	 -0.432522
-0.992313 	 -0.429446
-0.980934 	 -0.426352
-0.969606 	 -0.423240
-0.958329 	 -0.420111
-0.947105 	 -0.416965
-0.935932 	 -0.413803
-0.924813 	 -0.410624
-0.913747 	 -0.407430
-0.902735 	 -0.404221
-0.891778 	 -0.400998
-0.880876 	 -0.397760
-0.870029 	 -0.394508
-0.859238 	 -0.391244
-0.848504 	 -0.387966
-0.837826 	 -0.384676
-0.827206 	 -0.381374
-0.816644 	 -0.378061
-0.806140 	 -0.374737
-0.795695 	 -0.371403
-0.785309 	 -0.368058
-0.774982 	 -0.364704
-0.764716 	 -0.361341
-0.754510 	 -0.357970
-0.744365 	 -0.354590
-0.734281 	 -0.351202
-0.724259 	 -0.347808
-0.714299 	 -0.344406
-0.704401 	 -0.340999
-0.694566 	 -0.337585
-0.684795 	 -0.334167
-0.675087 	 -0.330743
-0.665442 	 -0.327315
-0.655863 	 -0.323884
-0.646347 	 -0.320448
-0.636897 	 -0.317010
-0.627512 	 -0.313570
-0.618192 	 -0.310127
-0.608939 	 -0.306683
-0.599751 	 -0.303238
-0.590630 	 -0.299792
-0.581576 	 -0.296346
-0.572589 	 -0.292901
-0.563670 	 -0.289456
-0.554818 	 -0.286012
-0.546034 	 -0.282571
-0.537319 	 -0.279131
-0.528672 	 -0.275695
-0.520093 	 -0.272261
-0.511583 	 -0.268831
-0.503143 	 -0.265405
-0.494772 	 -0.261984
-0.486471 	 -0.258567
-0.478239 	 -0.255156
-0.470078 	 -0.251751
-0.461987 	 -0.248352
-0.453966 	 -0.244961
-0.446016 	 -0.241576
-0.438137 	 -0.238199
-0.430329 	 -0.234831
-0.422592 	 -0.231471
-0.414926 	 -0.228120
-0.407332 	 -0.224778
-0.399809 	 -0.221447
-0.392358 	 -0.218126
-0.384979 	 -0.214816
-0.377672 	 -0.211517
-0.370437 	 -0.208230
-0.363274 	 -0.204956
-0.356183 	 -0.201694
-0.349165 	 -0.198444
-0.342220 	 -0.195209
-0.335347 	 -0.191987
-0.328547 	 -0.188780
-0.321819 	 -0.185587
-0.315165 	 -0.182410
-0.308583 	 -0.179248
-0.302074 	 -0.176102
-0.295638 	 -0.172973
-0.289275 	 -0.169861
-0.282985 	 -0.166766
-0.276768 	 -0.163688
-0.270624 	 -0.160629
-0.264554 	 -0.157588
-0.258556 	 -0.154566
-0.252631 	 -0.151563
-0.246779 	 -0.148580
-0.241001 	 -0.145617
-0.235295 	 -0.142675
-0.229663 	 -0.139753
-0.224103 	 -0.136853
-0.218616 	 -0.133974
-0.213202 	 -0.131117
-0.207861 	 -0.128283
-0.202592 	 -0.125471
-0.197396 	 -0.122683
-0.192273 	 -0.119917
-0.187222 	 -0.117176
-0.182244 	 -0.114459
-0.177337 	 -0.111767
-0.172503 	 -0.109099
-0.167742 	 -0.106457
-0.163052 	 -0.103840
-0.158433 	 -0.101249
-0.153887 	 -0.098684
-0.149412 	 -0.096146
-0.145009 	 -0.093635
-0.140677 	 -0.091151
-0.136416 	 -0.088695
-0.132226 	 -0.086267
-0.128107 	 -0.083866
-0.124059 	 -0.081495
-0.120081 	 -0.079152
-0.116173 	 -0.076838
-0.112336 	 -0.074554
-0.108569 	 -0.072300
-0.104871 	 -0.070075
-0.101242 	 -0.067881
-0.097684 	 -0.065717
-0.094194 	 -0.063585
-0.090773 	 -0.061483
-0.087420 	 -0.059413
-0.084136 	 -0.057375
-0.080921 	 -0.055368
-0.077773 	 -0.053394
-0.074693 	 -0.051452
-0.071680 	 -0.049543
-0.068735 	 -0.047667
-0.065856 	 -0.045824
-0.063044 	 -0.044015
-0.060299 	 -0.042239
-0.057620 	 -0.040497
-0.055006 	 -0.038789
-0.052458 	 -0.037116
-0.049975 	 -0.035477
-0.047557 	 -0.033873
-0.045204 	 -0.032304
-0.042915 	 -0.030770
-0.040690 	 -0.029272
-0.038528 	 -0.027809
-0.036430 	 -0.026382
-0.034396 	 -0.024991
-0.032423 	 -0.023636
-0.030513 	 -0.022317
-0.028666 	 -0.021035
-0.026879 	 -0.019789
-0.025155 	 -0.018580
-0.023491 	 -0.017408
-0.021887 	 -0.016273
-0.020344 	 -0.015176
-0.018861 	 -0.014115
-0.017437 	 -0.013093
-0.016073 	 -0.012108
-0.014767 	 -0.011160
-0.013520 	 -0.010251
-0.012330 	 -0.009380
-0.011198 	 -0.008547
-0.010124 	 -0.007752
-0.009106 	 -0.006995
-0.008144 	 -0.006277
-0.007239 	 -0.005597
-0.006389 	 -0.004956
-0.005594 	 -0.004353
-0.004854 	 -0.003790
-0.004168 	 -0.003265
-0.003537 	 -0.002779
-0.002958 	 -0.002332
-0.002433 	 -0.001924
-0.001960 	 -0.001555
-0.001540 	 -0.001226
-0.001171 	 -0.000935
-0.000853 	 -0.000684
-0.000587 	 -0.000472
-0.000370 	 -0.000299
-0.000204 	 -0.000165
-0.000087 	 -0.000071
-0.000019 	 -0.000016
-0.000000 	 -0.000000
-0.000029 	 -0.000024
-0.000106 	 -0.000087
-0.000229 	 -0.000189
-0.000400 	 -0.000331
-0.000616 	 -0.000512
-0.000879 	 -0.000732
-0.001187 	 -0.000991
-0.001539 	 -0.001290
-0.001936 	 -0.001627
-0.002377 	 -0.002004
-0.002861 	 -0.002420
-0.003387 	 -0.002875
-0.003957 	 -0.003369
-0.004568 	 -0.003901
-0.005220 	 -0.004473
-0.005914 	 -0.005083
-0.006648 	 -0.005732
-0.007422 	 -0.006420
-0.008235 	 -0.007146
-0.009087 	 -0.007910
-0.009978 	 -0.008713
-0.010906 	 -0.009554
-0.011872 	 -0.010434
-0.012875 	 -0.011351
-0.013914 	 -0.012306
-0.014989 	 -0.013298
-0.016099 	 -0.014329
-0.017244 	 -0.015397
-0.018424 	 -0.016502
-0.019637 	 -0.017645
-0.020884 	 -0.018824
-0.022164 	 -0.020041
-0.023476 	 -0.021294
-0.024819 	 -0.022584
-0.026194 	 -0.023911
-0.027600 	 -0.025273
-0.029036 	 -0.026672
-0.030502 	 -0.028107
-0.031996 	 -0.029578
-0.033520 	 -0.031084
-0.035072 	 -0.032625
-0.036651 	 -0.034202
-0.038258 	 -0.035814
-0.039891 	 -0.037460
-0.041550 	 -0.039142
-0.043235 	 -0.040857
-0.044945 	 -0.042607
-0.046679 	 -0.044390
-0.048437 	 -0.046208
-0.050219 	 -0.048059
-0.052024 	 -0.049943
-0.053852 	 -0.051860
-0.055701 	 -0.053810
-0.057572 	 -0.055792
-0.059464 	 -0.057807
-0.061376 	 -0.059853
-0.063308 	 -0.061932
-0.065260 	 -0.064042
-0.067230 	 -0.066183
-0.069219 	 -0.068355
-0.071226 	 -0.070558
-0.073250 	 -0.072792
-0.075290 	 -0.075055
-0.077348 	 -0.077348
-0.079421 	 -0.079671
-0.081509 	 -0.082024
-0.083612 	 -0.084405
-0.085730 	 -0.086815
-0.087861 	 -0.089253
-0.090006 	 -0.091719
-0.092163 	 -0.094213
-0.094333 	 -0.096735
-0.096514 	 -0.099284
-0.098707 	 -0.101859
-0.100911 	 -0.104461
-0.103126 	 -0.107089
-0.105350 	 -0.109743
-0.107583 	 -0.112423
-0.109825 	 -0.115128
-0.112076 	 -0.117857
-0.114335 	 -0.120611
-0.116601 	 -0.123390
-0.118874 	 -0.126192
-0.121154 	 -0.129017
-0.123440 	 -0.131866
-0.125731 	 -0.134737
-0.128028 	 -0.137631
-0.130329 	 -0.140546
-0.132634 	 -0.143484
-0.134943 	 -0.146442
-0.137255 	 -0.149422
-0.139570 	 -0.152422
-0.141888 	 -0.155442
-0.144207 	 -0.158482
-0.146527 	 -0.161542
-0.148849 	 -0.164620
-0.151171 	 -0.167717
-0.153494 	 -0.170832
-0.155816 	 -0.173966
-0.158137 	 -0.177116
-0.160457 	 -0.180284
-0.162776 	 -0.183469
-0.165092 	 -0.186669
-0.167406 	 -0.189886
-0.169717 	 -0.193118
-0.172025 	 -0.196365
-0.174329 	 -0.199627
-0.176629 	 -0.202903
-0.178925 	 -0.206193
-0.181215 	 -0.209497
-0.183500 	 -0.212813
-0.185780 	 -0.216142
-0.188053 	 -0.219484
-0.190320 	 -0.222837
-0.192580 	 -0.226201
-0.194832 	 -0.229576
-0.197077 	 -0.232962
-0.199314 	 -0.236358
-0.201543 	 -0.239764
-0.203762 	 -0.243179
-0.205973 	 -0.246603
-0.208173 	 -0.250035
-0.210364 	 -0.253475
-0.212545 	 -0.256923
-0.214715 	 -0.260378
-0.216874 	 -0.263839
-0.219022 	 -0.267307
-0.221159 	 -0.270781
-0.223283 	 -0.274260
-0.225395 	 -0.277744
-0.227494 	 -0.281232
-0.229580 	 -0.284725
-0.231653 	 -0.288221
-0.233713 	 -0.291721
-0.235758 	 -0.295223
-0.237789 	 -0.298727
-0.239806 	 -0.302234
-0.241808 	 -0.305742
-0.243794 	 -0.309251
-0.245766 	 -0.312761
-0.247721 	 -0.316270
-0.249660 	 -0.319780
-0.251584 	 -0.323289
-0.253490 	 -0.326796
-0.255380 	 -0.330302
-0.257252 	 -0.333806
-0.259107 	 -0.337308
-0.260945 	 -0.340807
-0.262764 	 -0.344302
-0.264566 	 -0.347794
-0.266348 	 -0.351281
-0.268113 	 -0.354764
-0.269858 	 -0.358242
-0.271584 	 -0.361714
-0.273291 	 -0.365180
-0.274978 	 -0.368640
-0.276645 	 -0.372093
-0.278292 	 -0.375540
-0.279919 	 -0.378978
-0.281526 	 -0.382408
-0.283111 	 -0.385830
-0.284676 	 -0.389243
-0.286220 	 -0.392646
-0.287742 	 -0.396040
-0.289243 	 -0.399424
-0.290722 	 -0.402797
-0.292179 	 -0.406159
-0.293615 	 -0.409509
-0.295028 	 -0.412848
-0.296419 	 -0.416174
-0.297787 	 -0.419488
-0.299132 	 -0.422788
-0.300455 	 -0.426075
-0.301754 	 -0.429349
-0.303030 	 -0.432607
-0.304284 	 -0.435852
-0.305513 	 -0.439081
-0.306719 	 -0.442294
-0.307901 	 -0.445492
-0.309060 	 -0.448673
-0.310194 	 -0.451837
-0.311305 	 -0.454985
-0.312391 	 -0.458115
-0.313453 	 -0.461227
-0.314490 	 -0.464320
-0.315503 	 -0.467395
-0.316492 	 -0.470451
-0.317456 	 -0.473488
-0.318394 	 -0.476505
-0.319309 	 -0.479502
-0.320198 	 -0.482478
-0.321062 	 -0.485433
-0.321901 	 -0.488367
-0.322715 	 -0.491279
-0.323503 	 -0.494169
-0.324267 	 -0.497038
-0.325005 	 -0.499883
-0.325717 	 -0.502705
-0.326405 	 -0.505504
-0.327066 	 -0.508279
-0.327703 	 -0.511030
-0.328313 	 -0.513756
-0.328899 	 -0.516458
-0.329458 	 -0.519135
-0.329992 	 -0.521786
-0.330501 	 -0.524411
-0.330983 	 -0.527011
-0.331440 	 -0.529583
-0.331872 	 -0.532130
-0.332278 	 -0.534649
-0.332658 	 -0.537140
-0.333012 	 -0.539605
-0.333341 	 -0.542041
-0.333645 	 -0.544448
-0.333922 	 -0.546828
-0.334175 	 -0.549178
-0.334401 	 -0.551499
-0.334602 	 -0.553791
-0.334778 	 -0.556053
-0.334928 	 -0.558285
-0.335053 	 -0.560487
-0.335153 	 -0.562658
-0.335227 	 -0.564799
-0.335276 	 -0.566908
-0.335299 	 -0.568986
-0.335298 	 -0.571033
-0.335272 	 -0.573047
-0.335220 	 -0.575030
-0.335144 	 -0.576980
-0.335043 	 -0.578897
-0.334917 	 -0.580782
-0.334766 	 -0.582634
-0.334591 	 -0.584452
-0.334392 	 -0.586237
-0.334167 	 -0.587988
-0.333919 	 -0.589705
-0.333646 	 -0.591388
-0.333350 	 -0.593037
-0.333029 	 -0.594651
-0.332684 	 -0.596230
-0.332316 	 -0.597775
-0.331924 	 -0.599284
-0.331508 	 -0.600758
-0.331069 	 -0.602196
-0.330607 	 -0.603599
-0.330121 	 -0.604966
-0.329612 	 -0.606297
-0.329081 	 -0.607591
-0.328527 	 -0.608850
-0.327950 	 -0.610071
-0.327350 	 -0.611257
-0.326728 	 -0.612405
-0.326084 	 -0.613516
-0.325418 	 -0.614590
-0.324731 	 -0.615628
-0.324021 	 -0.616627
-0.323290 	 -0.617590
-0.322537 	 -0.618514
-0.321763 	 -0.619401
-0.320968 	 -0.620250
-0.320152 	 -0.621062
-0.319316 	 -0.621835
-0.318458 	 -0.622570
-0.317581 	 -0.623267
-0.316683 	 -0.623926
-0.315765 	 -0.624546
-0.314827 	 -0.625128
-0.313870 	 -0.625672
-0.312893 	 -0.626176
-0.311897 	 -0.626643
-0.310882 	 -0.627070
-0.309848 	 -0.627459
-0.308795 	 -0.627809
-0.307724 	 -0.628121
-0.306634 	 -0.628393
-0.305527 	 -0.628626
-0.304401 	 -0.628821
-0.303258 	 -0.628977
-0.302097 	 -0.629093
-0.300920 	 -0.629171
-0.299725 	 -0.629210
-0.298513 	 -0.629209
-0.297284 	 -0.629170
-0.296040 	 -0.629092
-0.294779 	 -0.628975
-0.293502 	 -0.628819
-0.292209 	 -0.628623
-0.290901 	 -0.628390
-0.289578 	 -0.628117
-0.288239 	 -0.627805
-0.286886 	 -0.627455
-0.285518 	 -0.627065
-0.284135 	 -0.626637
-0.282739 	 -0.626171
-0.281329 	 -0.625666
-0.279905 	 -0.625122
-0.278467 	 -0.624540
-0.277016 	 -0.623919
-0.275553 	 -0.623261
-0.274076 	 -0.622563
-0.272588 	 -0.621828
-0.271086 	 -0.621055
-0.269573 	 -0.620244
-0.268048 	 -0.619395
-0.266512 	 -0.618508
-0.264964 	 -0.617584
-0.263406 	 -0.616622
-0.261836 	 -0.615623
-0.260256 	 -0.614586
-0.258666 	 -0.613512
-0.257065 	 -0.612402
-0.255455 	 -0.611254
-0.253835 	 -0.610070
-0.252206 	 -0.608849
-0.250568 	 -0.607592
-0.248921 	 -0.606298
-0.247265 	 -0.604969
-0.245602 	 -0.603603
-0.243930 	 -0.602202
-0.242250 	 -0.600765
-0.240562 	 -0.599292
-0.238868 	 -0.597785
-0.237166 	 -0.596242
-0.235457 	 -0.594665
-0.233742 	 -0.593053
-0.232021 	 -0.591406
-0.230293 	 -0.589725
-0.228560 	 -0.588010
-0.226820 	 -0.586262
-0.225076 	 -0.584479
-0.223327 	 -0.582664
-0.221572 	 -0.580815
-0.219813 	 -0.578933
-0.218050 	 -0.577019
-0.216283 	 -0.575072
-0.214512 	 -0.573093
-0.212737 	 -0.571082
-0.210959 	 -0.569039
-0.209177 	 -0.566964
-0.207393 	 -0.564859
-0.205606 	 -0.562722
-0.203817 	 -0.560555
-0.202025 	 -0.558358
-0.200232 	 -0.556130
-0.198437 	 -0.553872
-0.196641 	 -0.551585
-0.194843 	 -0.549269
-0.193044 	 -0.546923
-0.191245 	 -0.544549
-0.189445 	 -0.542146
-0.187645 	 -0.539715
-0.185845 	 -0.537257
-0.184045 	 -0.534771
-0.182245 	 -0.532257
-0.180446 	 -0.529717
-0.178648 	 -0.527150
-0.176852 	 -0.524557
-0.175056 	 -0.521938
-0.173262 	 -0.519293
-0.171470 	 -0.516623
-0.169680 	 -0.513928
-0.167892 	 -0.511209
-0.166106 	 -0.508465
-0.164324 	 -0.505697
-0.162544 	 -0.502905
-0.160767 	 -0.500091
-0.158993 	 -0.497253
-0.157223 	 -0.494393
-0.155457 	 -0.491510
-0.153694 	 -0.488606
-0.151936 	 -0.485680
-0.150182 	 -0.482733
-0.148433 	 -0.479765
-0.146688 	 -0.476777
-0.144948 	 -0.473769
-0.143214 	 -0.470741
-0.141485 	 -0.467694
-0.139761 	 -0.464628
-0.138043 	 -0.461544
-0.136331 	 -0.458441
-0.134625 	 -0.455320
-0.132925 	 -0.452183
-0.131232 	 -0.449028
-0.129545 	 -0.445856
-0.127865 	 -0.442668
-0.126192 	 -0.439465
-0.124527 	 -0.436246
-0.122868 	 -0.433012
-0.121217 	 -0.429764
-0.119574 	 -0.426501
-0.117939 	 -0.423224
-0.116312 	 -0.419934
-0.114693 	 -0.416631
-0.113082 	 -0.413316
-0.111479 	 -0.409988
-0.109886 	 -0.406649
-0.108301 	 -0.403298
-0.106725 	 -0.399936
-0.105158 	 -0.396564
-0.103600 	 -0.393181
-0.102052 	 -0.389789
-0.100513 	 -0.386388
-0.098984 	 -0.382977
-0.097465 	 -0.379559
-0.095955 	 -0.376132
-0.094456 	 -0.372698
-0.092967 	 -0.369256
-0.091488 	 -0.365808
-0.090019 	 -0.362354
-0.088561 	 -0.358893
-0.087114 	 -0.355427
-0.085678 	 -0.351956
-0.084252 	 -0.348481
-0.082837 	 -0.345001
-0.081434 	 -0.341518
-0.080042 	 -0.338031
-0.078661 	 -0.334542
-0.077291 	 -0.331050
-0.075933 	 -0.327556
-0.074586 	 -0.324060
-0.073252 	 -0.320564
-0.071929 	 -0.317066
-0.070617 	 -0.313568
-0.069318 	 -0.310071
-0.068031 	 -0.306574
-0.066756 	 -0.303078
-0.065493 	 -0.299583
-0.064242 	 -0.296091
-0.063004 	 -0.292600
-0.061778 	 -0.289113
-0.060564 	 -0.285628
-0.059363 	 -0.282147
-0.058175 	 -0.278671
-0.056999 	 -0.275198
-0.055836 	 -0.271731
-0.054686 	 -0.268269
-0.053548 	 -0.264812
-0.052423 	 -0.261362
-0.051311 	 -0.257918
-0.050212 	 -0.254482
-0.049126 	 -0.251053
-0.048053 	 -0.247631
-0.046992 	 -0.244218
-0.045945 	 -0.240814
-0.044911 	 -0.237419
-0.043890 	 -0.234033
-0.042882 	 -0.230658
-0.041887 	 -0.227292
-0.040905 	 -0.223938
-0.039937 	 -0.220595
-0.038981 	 -0.217263
-0.038039 	 -0.213944
-0.037110 	 -0.210637
-0.036194 	 -0.207342
-0.035291 	 -0.204061
-0.034401 	 -0.200794
-0.033524 	 -0.197541
-0.032661 	 -0.194302
-0.031810 	 -0.191078
-0.030973 	 -0.187870
-0.030149 	 -0.184677
-0.029338 	 -0.181500
-0.028539 	 -0.178340
-0.027754 	 -0.175196
-0.026982 	 -0.172070
-0.026223 	 -0.168961
-0.025476 	 -0.165871
-0.024743 	 -0.162798
-0.024022 	 -0.159745
-0.023314 	 -0.156710
-0.022619 	 -0.153696
-0.021936 	 -0.150701
-0.021266 	 -0.147726
-0.020609 	 -0.144772
-0.019964 	 -0.141839
-0.019332 	 -0.138927
-0.018712 	 -0.136037
-0.018104 	 -0.133169
-0.017509 	 -0.130324
-0.016926 	 -0.127501
-0.016355 	 -0.124701
-0.015796 	 -0.121925
-0.015249 	 -0.119173
-0.014714 	 -0.116445
-0.014191 	 -0.113741
-0.013680 	 -0.111062
-0.013180 	 -0.108409
-0.012692 	 -0.105780
-0.012216 	 -0.103178
-0.011750 	 -0.100602
-0.011296 	 -0.098052
-0.010854 	 -0.095529
-0.010422 	 -0.093033
-0.010002 	 -0.090564
-0.009592 	 -0.088123
-0.009193 	 -0.085710
-0.008805 	 -0.083326
-0.008427 	 -0.080970
-0.008060 	 -0.078642
-0.007704 	 -0.076344
-0.007357 	 -0.074076
-0.007021 	 -0.071837
-0.006695 	 -0.069628
-0.006378 	 -0.067449
-0.006072 	 -0.065301
-0.005775 	 -0.063184
-0.005487 	 -0.061097
-0.005209 	 -0.059042
-0.004940 	 -0.057019
-0.004681 	 -0.055027
-0.004430 	 -0.053068
-0.004188 	 -0.051141
-0.003955 	 -0.049246
-0.003731 	 -0.047384
-0.003515 	 -0.045555
-0.003307 	 -0.043760
-0.003108 	 -0.041998
-0.002916 	 -0.040269
-0.002733 	 -0.038575
-0.002557 	 -0.036914
-0.002388 	 -0.035288
-0.002228 	 -0.033696
-0.002074 	 -0.032139
-0.001927 	 -0.030617
-0.001788 	 -0.029130
-0.001655 	 -0.027679
-0.001529 	 -0.026262
-0.001409 	 -0.024882
-0.001296 	 -0.023537
-0.001189 	 -0.022228
-0.001088 	 -0.020955
-0.000993 	 -0.019718
-0.000903 	 -0.018518
-0.000819 	 -0.017355
-0.000740 	 -0.016228
-0.000667 	 -0.015138
-0.000598 	 -0.014085
-0.000535 	 -0.013069
-0.000476 	 -0.012090
-0.000421 	 -0.011149
-0.000371 	 -0.010245
-0.000325 	 -0.009379
-0.000282 	 -0.008551
-0.000244 	 -0.007760
-0.000209 	 -0.007007
-0.000178 	 -0.006292
-0.000150 	 -0.005616
-0.000125 	 -0.004977
-0.000103 	 -0.004377
-0.000084 	 -0.003815
-0.000067 	 -0.003291
-0.000053 	 -0.002806
-0.000041 	 -0.002359
-0.000031 	 -0.001951
-0.000022 	 -0.001582
-0.000016 	 -0.001251
-0.000011 	 -0.000959
-0.000007 	 -0.000705
-0.000004 	 -0.000491
-0.000002 	 -0.000315
-0.000001 	 -0.000178
-0.000000 	 -0.000080
-0.000000 	 -0.000020
-0.000000 	 -0.000000
0.000000 	 -0.000018
0.000000 	 -0.000076
0.000001 	 -0.000172
0.000002 	 -0.000307
0.000004 	 -0.000480
0.000007 	 -0.000693
0.000010 	 -0.000944
0.000015 	 -0.001234
0.000022 	 -0.001563
0.000030 	 -0.001931
0.000040 	 -0.002337
0.000052 	 -0.002781
0.000067 	 -0.003264
0.000083 	 -0.003786
0.000102 	 -0.004346
0.000124 	 -0.004944
0.000149 	 -0.005581
0.000177 	 -0.006256
0.000208 	 -0.006968
0.000242 	 -0.007719
0.000280 	 -0.008508
0.000322 	 -0.009334
0.000368 	 -0.010199
0.000418 	 -0.011100
0.000473 	 -0.012040
0.000531 	 -0.013016
0.000595 	 -0.014030
0.000663 	 -0.015081
0.000736 	 -0.016169
0.000815 	 -0.017294
0.000899 	 -0.018456
0.000988 	 -0.019654
0.001083 	 -0.020889
0.001184 	 -0.022160
0.001290 	 -0.023467
0.001403 	 -0.024810
0.001523 	 -0.026188
0.001648 	 -0.027603
0.001781 	 -0.029053
0.001920 	 -0.030538
0.002066 	 -0.032058
0.002219 	 -0.033613
0.002380 	 -0.035203
0.002548 	 -0.036827
0.002723 	 -0.038486
0.002906 	 -0.040179
0.003097 	 -0.041906
0.003297 	 -0.043666
0.003504 	 -0.045460
0.003719 	 -0.047287
0.003943 	 -0.049147
0.004176 	 -0.051040
0.004417 	 -0.052965
0.004667 	 -0.054923
0.004927 	 -0.056913
0.005195 	 -0.058935
0.005472 	 -0.060988
0.005759 	 -0.063073
0.006056 	 -0.065188
0.006362 	 -0.067335
0.006678 	 -0.069512
0.007003 	 -0.071719
0.007339 	 -0.073957
0.007685 	 -0.076224
0.008041 	 -0.078520
0.008408 	 -0.080846
0.008785 	 -0.083200
0.009172 	 -0.085584
0.009571 	 -0.087995
0.009980 	 -0.090435
0.010400 	 -0.092902
0.010831 	 -0.095396
0.011273 	 -0.097918
0.011726 	 -0.100466
0.012191 	 -0.103041
0.012667 	 -0.105642
0.013154 	 -0.108269
0.013653 	 -0.110922
0.014164 	 -0.113599
0.014686 	 -0.116301
0.015221 	 -0.119028
0.015767 	 -0.121779
0.016325 	 -0.124554
0.016896 	 -0.127353
0.017478 	 -0.130174
0.018073 	 -0.133018
0.018680 	 -0.135885
0.019299 	 -0.138774
0.019930 	 -0.141685
0.020575 	 -0.144616
0.021231 	 -0.147569
0.021900 	 -0.150543
0.022582 	 -0.153537
0.023277 	 -0.156551
0.023984 	 -0.159584
0.024704 	 -0.162637
0.025437 	 -0.165708
0.026183 	 -0.168798
0.026941 	 -0.171905
0.027713 	 -0.175031
0.028498 	 -0.178173
0.029295 	 -0.181333
0.030106 	 -0.184509
0.030929 	 -0.187701
0.031766 	 -0.190909
0.032616 	 -0.194132
0.033478 	 -0.197370
0.034354 	 -0.200622
0.035243 	 -0.203888
0.036146 	 -0.207169
0.037061 	 -0.210462
0.037990 	 -0.213769
0.038931 	 -0.217088
0.039886 	 -0.220418
0.040854 	 -0.223761
0.041835 	 -0.227115
0.042829 	 -0.230480
0.043836 	 -0.233855
0.044857 	 -0.237240
0.045890 	 -0.240634
0.046937 	 -0.244038
0.047996 	 -0.247451
0.049069 	 -0.250872
0.050154 	 -0.254300
0.051253 	 -0.257737
0.052364 	 -0.261180
0.053488 	 -0.264630
0.054625 	 -0.268086
0.055775 	 -0.271548
0.056937 	 -0.275015
0.058113 	 -0.278487
0.059300 	 -0.281964
0.060501 	 -0.285444
0.061714 	 -0.288929
0.062939 	 -0.292416
0.064177 	 -0.295906
0.065427 	 -0.299399
0.066689 	 -0.302893
0.067963 	 -0.306389
0.069250 	 -0.309886
0.070549 	 -0.313384
0.071859 	 -0.316881
0.073181 	 -0.320379
0.074516 	 -0.323876
0.075862 	 -0.327371
0.077219 	 -0.330865
0.078588 	 -0.334357
0.079968 	 -0.337847
0.081360 	 -0.341334
0.082763 	 -0.344818
0.084177 	 -0.348297
0.085602 	 -0.351773
0.087038 	 -0.355244
0.088485 	 -0.358710
0.089942 	 -0.362171
0.091410 	 -0.365626
0.092888 	 -0.369074
0.094377 	 -0.372516
0.095876 	 -0.375951
0.097385 	 -0.379378
0.098904 	 -0.382797
0.100432 	 -0.386208
0.101970 	 -0.389610
0.103518 	 -0.393002
0.105075 	 -0.396385
0.106642 	 -0.399758
0.108217 	 -0.403121
0.109802 	 -0.406472
0.111395 	 -0.409812
0.112997 	 -0.413141
0.114607 	 -0.416457
0.116226 	 -0.419760
0.117853 	 -0.423051
0.119488 	 -0.426328
0.121130 	 -0.429592
0.122781 	 -0.432841
0.124439 	 -0.436076
0.126104 	 -0.439295
0.127777 	 -0.442500
0.129456 	 -0.445688
0.131142 	 -0.448861
0.132835 	 -0.452016
0.134535 	 -0.455155
0.136240 	 -0.458276
0.137952 	 -0.461380
0.139670 	 -0.464466
0.141393 	 -0.467533
0.143122 	 -0.470581
0.144857 	 -0.473610
0.146596 	 -0.476619
0.148340 	 -0.479608
0.150090 	 -0.482577
0.151843 	 -0.485525
0.153601 	 -0.488452
0.155364 	 -0.491357
0.157130 	 -0.494241
0.158900 	 -0.497102
0.160673 	 -0.499941
0.162450 	 -0.502757
0.164229 	 -0.505550
0.166012 	 -0.508319
0.167797 	 -0.511064
0.169585 	 -0.513785
0.171375 	 -0.516482
0.173167 	 -0.519153
0.174961 	 -0.521799
0.176757 	 -0.524419
0.178553 	 -0.527014
0.180351 	 -0.529582
0.182150 	 -0.532124
0.183950 	 -0.534639
0.185750 	 -0.537126
0.187550 	 -0.539586
0.189350 	 -0.542019
0.191150 	 -0.544423
0.192949 	 -0.546798
0.194748 	 -0.549145
0.196546 	 -0.551464
0.198342 	 -0.553752
0.200137 	 -0.556011
0.201931 	 -0.558241
0.203722 	 -0.560440
0.205512 	 -0.562609
0.207299 	 -0.564747
0.209083 	 -0.566854
0.210865 	 -0.568930
0.212643 	 -0.570974
0.214418 	 -0.572987
0.216189 	 -0.574968
0.217957 	 -0.576917
0.219720 	 -0.578833
0.221480 	 -0.580716
0.223234 	 -0.582567
0.224984 	 -0.584384
0.226728 	 -0.586168
0.228468 	 -0.587919
0.230202 	 -0.589635
0.231929 	 -0.591318
0.233651 	 -0.592966
0.235367 	 -0.594580
0.237076 	 -0.596160
0.238778 	 -0.597704
0.240473 	 -0.599214
0.242161 	 -0.600688
0.243841 	 -0.602127
0.245513 	 -0.603530
0.247178 	 -0.604897
0.248834 	 -0.606229
0.250481 	 -0.607524
0.252120 	 -0.608783
0.253749 	 -0.610006
0.255370 	 -0.611192
0.256981 	 -0.612342
0.258581 	 -0.613455
0.260172 	 -0.614530
0.261753 	 -0.615569
0.263323 	 -0.616570
0.264882 	 -0.617534
0.266431 	 -0.618460
0.267968 	 -0.619349
0.269493 	 -0.620200
0.271007 	 -0.621013
0.272509 	 -0.621788
0.273998 	 -0.622526
0.275475 	 -0.623225
0.276939 	 -0.623886
0.278391 	 -0.624508
0.279829 	 -0.625092
0.281254 	 -0.625638
0.282665 	 -0.626145
0.284062 	 -0.626614
0.285445 	 -0.627044
0.286814 	 -0.627435
0.288168 	 -0.627788
0.289507 	 -0.628101
0.290832 	 -0.628376
0.292140 	 -0.628612
0.293434 	 -0.628809
0.294712 	 -0.628967
0.295974 	 -0.629087
0.297219 	 -0.629167
0.298448 	 -0.629208
0.299661 	 -0.629211
0.300857 	 -0.629174
0.302036 	 -0.629098
0.303197 	 -0.628984
0.304341 	 -0.628830
0.305468 	 -0.628638
0.306576 	 -0.628406
0.307667 	 -0.628136
0.308739 	 -0.627827
0.309793 	 -0.627479
0.310828 	 -0.627092
0.311844 	 -0.626666
0.312841 	 -0.626202
0.313819 	 -0.625699
0.314777 	 -0.625158
0.315716 	 -0.624578
0.316635 	 -0.623960
0.317534 	 -0.623303
0.318413 	 -0.622608
0.319271 	 -0.621875
0.320108 	 -0.621103
0.320926 	 -0.620294
0.321722 	 -0.619447
0.322497 	 -0.618562
0.323250 	 -0.617639
0.323983 	 -0.616679
0.324694 	 -0.615681
0.325383 	 -0.614646
0.326050 	 -0.613574
0.326695 	 -0.612464
0.327318 	 -0.611318
0.327919 	 -0.610135
0.328497 	 -0.608915
0.329052 	 -0.607659
0.329585 	 -0.606366
0.330095 	 -0.605037
0.330582 	 -0.603672
0.331045 	 -0.602271
0.331486 	 -0.600835
0.331902 	 -0.599363
0.332296 	 -0.597855
0.332665 	 -0.596313
0.333011 	 -0.594735
0.333333 	 -0.593123
0.333631 	 -0.591476
0.333905 	 -0.589795
0.334155 	 -0.588080
0.334380 	 -0.586330
0.334581 	 -0.584547
0.334758 	 -0.582731
0.334910 	 -0.580881
0.335037 	 -0.578998
0.335139 	 -0.577082
0.335217 	 -0.575133
0.335270 	 -0.573153
0.335297 	 -0.571140
0.335300 	 -0.569095
0.335278 	 -0.567019
0.335230 	 -0.564911
0.335157 	 -0.562772
0.335059 	 -0.560603
0.334935 	 -0.558403
0.334787 	 -0.556172
0.334612 	 -0.553911
0.334413 	 -0.551621
0.334187 	 -0.549302
0.333936 	 -0.546953
0.333660 	 -0.544575
0.333358 	 -0.542169
0.333030 	 -0.539734
0.332677 	 -0.537271
0.332298 	 -0.534781
0.331894 	 -0.532263
0.331464 	 -0.529719
0.331008 	 -0.527147
0.330527 	 -0.524549
0.330020 	 -0.521925
0.329487 	 -0.519275
0.328929 	 -0.516600
0.328345 	 -0.513900
0.327735 	 -0.511174
0.327101 	 -0.508425
0.326440 	 -0.505651
0.325754 	 -0.502853
0.325043 	 -0.500032
0.324306 	 -0.497188
0.323544 	 -0.494321
0.322757 	 -0.491432
0.321944 	 -0.488521
0.321107 	 -0.485588
0.320244 	 -0.482634
0.319356 	 -0.479659
0.318443 	 -0.476664
0.317506 	 -0.473648
0.316543 	 -0.470612
0.315556 	 -0.467557
0.314545 	 -0.464483
0.313508 	 -0.461390
0.312448 	 -0.458279
0.311363 	 -0.455150
0.310254 	 -0.452004
0.309120 	 -0.448840
0.307963 	 -0.445660
0.306782 	 -0.442463
0.305577 	 -0.439251
0.304349 	 -0.436022
0.303097 	 -0.432779
0.301822 	 -0.429521
0.300524 	 -0.426249
0.299203 	 -0.422962
0.297858 	 -0.419662
0.296491 	 -0.416349
0.295102 	 -0.413024
0.293690 	 -0.409686
0.292256 	 -0.406336
0.290800 	 -0.402974
0.289322 	 -0.399602
0.287822 	 -0.396219
0.286301 	 -0.392826
0.284758 	 -0.389423
0.283195 	 -0.386010
0.281610 	 -0.382589
0.280005 	 -0.379159
0.278379 	 -0.375721
0.276733 	 -0.372276
0.275066 	 -0.368823
0.273380 	 -0.365363
0.271675 	 -0.361897
0.269950 	 -0.358425
0.268205 	 -0.354948
0.266442 	 -0.351465
0.264660 	 -0.347978
0.262860 	 -0.344487
0.261041 	 -0.340991
0.259205 	 -0.337493
0.257351 	 -0.333991
0.255479 	 -0.330487
0.253590 	 -0.326981
0.251685 	 -0.323474
0.249762 	 -0.319965
0.247824 	 -0.316456
0.245869 	 -0.312946
0.243899 	 -0.309436
0.241913 	 -0.305927
0.239912 	 -0.302419
0.237896 	 -0.298913
0.235866 	 -0.295408
0.233821 	 -0.291905
0.231762 	 -0.288406
0.229690 	 -0.284909
0.227604 	 -0.281417
0.225506 	 -0.277928
0.223395 	 -0.274444
0.221271 	 -0.270964
0.219135 	 -0.267491
0.216988 	 -0.264022
0.214830 	 -0.260561
0.212660 	 -0.257105
0.210480 	 -0.253657
0.208289 	 -0.250217
0.206089 	 -0.246784
0.203879 	 -0.243360
0.201660 	 -0.239944
0.199432 	 -0.236538
0.197196 	 -0.233141
0.194951 	 -0.229755
0.192699 	 -0.226379
0.190440 	 -0.223014
0.188173 	 -0.219660
0.185900 	 -0.216318
0.183621 	 -0.212989
0.181336 	 -0.209672
0.179046 	 -0.206367
0.176751 	 -0.203077
0.174451 	 -0.199800
0.172147 	 -0.196537
0.169839 	 -0.193289
0.167528 	 -0.190056
0.165215 	 -0.186839
0.162898 	 -0.183637
0.160580 	 -0.180452
0.158260 	 -0.177283
0.155939 	 -0.174132
0.153616 	 -0.170998
0.151294 	 -0.167881
0.148972 	 -0.164783
0.146650 	 -0.161704
0.144329 	 -0.158643
0.142010 	 -0.155602
0.139692 	 -0.152581
0.137377 	 -0.149580
0.135065 	 -0.146599
0.132756 	 -0.143639
0.130450 	 -0.140701
0.128149 	 -0.137784
0.125852 	 -0.134889
0.123561 	 -0.132017
0.121275 	 -0.129167
0.118995 	 -0.126340
0.116721 	 -0.123537
0.114455 	 -0.120758
0.112195 	 -0.118002
0.109944 	 -0.115271
0.107701 	 -0.112565
0.105467 	 -0.109884
0.103243 	 -0.107229
0.101028 	 -0.104599
0.098824 	 -0.101996
0.096630 	 -0.099419
0.094448 	 -0.096869
0.092277 	 -0.094346
0.090119 	 -0.091850
0.087974 	 -0.089382
0.085842 	 -0.086943
0.083724 	 -0.084531
0.081620 	 -0.082149
0.079530 	 -0.079795
0.077457 	 -0.077470
0.075399 	 -0.075175
0.073357 	 -0.072910
0.071332 	 -0.070675
0.069324 	 -0.068471
0.067335 	 -0.066297
0.065363 	 -0.064154
0.063411 	 -0.062043
0.061478 	 -0.059962
0.059564 	 -0.057914
0.057671 	 -0.055898
0.055800 	 -0.053913
0.053949 	 -0.051962
0.052120 	 -0.050043
0.050314 	 -0.048157
0.048531 	 -0.046305
0.046771 	 -0.044486
0.045036 	 -0.042700
0.043324 	 -0.040949
0.041638 	 -0.039231
0.039978 	 -0.037548
0.038343 	 -0.035900
0.036735 	 -0.034286
0.035154 	 -0.032708
0.033601 	 -0.031164
0.032076 	 -0.029656
0.030580 	 -0.028184
0.029113 	 -0.026747
0.027675 	 -0.025346
0.026268 	 -0.023982
0.024891 	 -0.022653
0.023546 	 -0.021361
0.022232 	 -0.020106
0.020951 	 -0.018888
0.019702 	 -0.017706
0.018487 	 -0.016562
0.017306 	 -0.015454
0.016159 	 -0.014384
0.015046 	 -0.013352
0.013970 	 -0.012357
0.012929 	 -0.011400
0.011924 	 -0.010481
0.010956 	 -0.009600
0.010026 	 -0.008757
0.009133 	 -0.007952
0.008279 	 -0.007185
0.007464 	 -0.006457
0.006688 	 -0.005768
0.005952 	 -0.005117
0.005256 	 -0.004504
0.004601 	 -0.003931
0.003988 	 -0.003396
0.003416 	 -0.002900
0.002887 	 -0.002443
0.002401 	 -0.002025
0.001958 	 -0.001646
0.001559 	 -0.001306
0.001204 	 -0.001006
0.000894 	 -0.000744
0.000629 	 -0.000522
0.000410 	 -0.000339
0.000237 	 -0.000196
0.000111 	 -0.000091
0.000032 	 -0.000026
0.000001 	 -0.000000
0.000017 	 -0.000014
0.000082 	 -0.000067
0.000197 	 -0.000159
0.000360 	 -0.000291
0.000574 	 -0.000461
0.000838 	 -0.000672
0.001153 	 -0.000921
0.001519 	 -0.001209
0.001937 	 -0.001537
0.002407 	 -0.001904
0.002929 	 -0.002310
0.003505 	 -0.002754
0.004134 	 -0.003238
0.004816 	 -0.003761
0.005554 	 -0.004323
0.006346 	 -0.004923
0.007193 	 -0.005562
0.008095 	 -0.006240
0.009054 	 -0.006956
0.010069 	 -0.007711
0.011140 	 -0.008504
0.012269 	 -0.009335
0.013455 	 -0.010204
0.014700 	 -0.011112
0.016002 	 -0.012057
0.017364 	 -0.013040
0.018784 	 -0.014061
0.020264 	 -0.015119
0.021804 	 -0.016214
0.023404 	 -0.017347
0.025065 	 -0.018517
0.026787 	 -0.019724
0.028570 	 -0.020968
0.030414 	 -0.022248
0.032321 	 -0.023565
0.034290 	 -0.024918
0.036321 	 -0.026307
0.038416 	 -0.027733
0.040574 	 -0.029194
0.042796 	 -0.030690
0.045081 	 -0.032222
0.047431 	 -0.033789
0.049846 	 -0.035392
0.052325 	 -0.037029
0.054870 	 -0.038700
0.057480 	 -0.040406
0.060156 	 -0.042146
0.062898 	 -0.043920
0.065706 	 -0.045728
0.068581 	 -0.047569
0.071523 	 -0.049443
0.074532 	 -0.051351
0.077609 	 -0.053291
0.080753 	 -0.055263
0.083965 	 -0.057268
0.087245 	 -0.059305
0.090594 	 -0.061373
0.094011 	 -0.063473
0.097498 	 -0.065604
0.101053 	 -0.067766
0.104677 	 -0.069958
0.108372 	 -0.072181
0.112135 	 -0.074434
0.115969 	 -0.076717
0.119873 	 -0.079029
0.123847 	 -0.081370
0.127892 	 -0.083740
0.132007 	 -0.086139
0.136193 	 -0.088566
0.140450 	 -0.091021
0.144779 	 -0.093503
0.149178 	 -0.096013
0.153649 	 -0.098549
0.158192 	 -0.101113
0.162806 	 -0.103702
0.167492 	 -0.106318
0.172250 	 -0.108959
0.177080 	 -0.111625
0.181983 	 -0.114316
0.186957 	 -0.117032
0.192004 	 -0.119772
0.197124 	 -0.122536
0.202316 	 -0.125323
0.207581 	 -0.128134
0.212918 	 -0.130967
0.218328 	 -0.133823
0.223811 	 -0.136700
0.229367 	 -0.139600
0.234996 	 -0.142520
0.240698 	 -0.145461
0.246473 	 -0.148423
0.252320 	 -0.151405
0.258241 	 -0.154407
0.264235 	 -0.157428
0.270302 	 -0.160468
0.276442 	 -0.163526
0.282655 	 -0.166603
0.288941 	 -0.169697
0.295300 	 -0.172808
0.301732 	 -0.175937
0.308237 	 -0.179082
0.314815 	 -0.182243
0.321466 	 -0.185419
0.328190 	 -0.188611
0.334986 	 -0.191817
0.341855 	 -0.195038
0.348797 	 -0.198273
0.355811 	 -0.201522
0.362898 	 -0.204783
0.370057 	 -0.208057
0.377288 	 -0.211344
0.384591 	 -0.214642
0.391966 	 -0.217951
0.399414 	 -0.221271
0.406932 	 -0.224602
0.414523 	 -0.227943
0.422185 	 -0.231293
0.429918 	 -0.234653
0.437723 	 -0.238021
0.445598 	 -0.241398
0.453545 	 -0.244782
0.461562 	 -0.248173
0.469649 	 -0.251571
0.477807 	 -0.254976
0.486034 	 -0.258387
0.494332 	 -0.261803
0.502699 	 -0.265224
0.511136 	 -0.268650
0.519642 	 -0.272080
0.528217 	 -0.275513
0.536860 	 -0.278950
0.545572 	 -0.282389
0.554353 	 -0.285831
0.563201 	 -0.289274
0.572117 	 -0.292719
0.581100 	 -0.296164
0.590151 	 -0.299610
0.599268 	 -0.303056
0.608452 	 -0.306501
0.617702 	 -0.309945
0.627018 	 -0.313388
0.636400 	 -0.316829
0.645846 	 -0.320267
0.655358 	 -0.323702
0.664935 	 -0.327134
0.674576 	 -0.330562
0.684280 	 -0.333986
0.694049 	 -0.337405
0.703880 	 -0.340818
0.713775 	 -0.344226
0.723731 	 -0.347628
0.733750 	 -0.351023
0.743831 	 -0.354411
0.753973 	 -0.357791
0.764175 	 -0.361163
0.774439 	 -0.364527
0.784762 	 -0.367881
0.795145 	 -0.371226
0.805587 	 -0.374561
0.816088 	 -0.377886
0.826647 	 -0.381200
0.837264 	 -0.384502
0.847938 	 -0.387793
0.858670 	 -0.391071
0.869457 	 -0.394336
0.880301 	 -0.397589
0.891201 	 -0.400827
0.902155 	 -0.404052
0.913164 	 -0.407261
0.924227 	 -0.410456
0.935344 	 -0.413635
0.946513 	 -0.416799
0.957735 	 -0.419946
0.969009 	 -0.423076
0.980335 	 -0.426188
0.991711 	 -0.429283
1.003138 	 -0.432360
1.014615 	 -0.435418
1.026140 	 -0.438457
1.037715 	 -0.441476
1.049338 	 -0.444476
1.061008 	 -0.447455
1.072725 	 -0.450413
1.084488 	 -0.453350
1.096298 	 -0.456265
1.108153 	 -0.459158
1.120052 	 -0.462028
1.131995 	 -0.464876
1.143982 	 -0.467700
1.156011 	 -0.470500
1.168083 	 -0.473276
1.180196 	 -0.476027
1.192350 	 -0.478753
1.204544 	 -0.481454
1.216778 	 -0.484129
1.229051 	 -0.486777
1.241362 	 -0.489399
1.253711 	 -0.491993
1.266097 	 -0.494560
1.278519 	 -0.497099
1.290977 	 -0.499610
1.303469 	 -0.502092
1.315996 	 -0.504545
1.328557 	 -0.506969
1.341151 	 -0.509363
1.353776 	 -0.511726
1.366434 	 -0.514059
1.379122 	 -0.516361
1.391840 	 -0.518632
1.404587 	 -0.520871
1.417363 	 -0.523078
1.430167 	 -0.525252
1.442999 	 -0.527394
1.455857 	 -0.529503
1.468740 	 -0.531578
1.481648 	 -0.533619
1.494581 	 -0.535627
1.507537 	 -0.537599
1.520516 	 -0.539537
1.533518 	 -0.541440
1.546540 	 -0.543307
1.559582 	 -0.545139
1.572645 	 -0.546934
1.585726 	 -0.548693
1.598825 	 -0.550415
1.611942 	 -0.552101
1.625075 	 -0.553748
1.638225 	 -0.555359
1.651389 	 -0.556931
1.664567 	 -0.558465
1.677759 	 -0.559960
1.690964 	 -0.561417
1.704180 	 -0.562835
1.717407 	 -0.564213
1.730645 	 -0.565552
1.743892 	 -0.566851
1.757147 	 -0.568110
1.770411 	 -0.569328
1.783681 	 -0.570506
1.796957 	 -0.571642
1.810240 	 -0.572738
1.823526 	 -0.573792
1.836816 	 -0.574805
1.850109 	 -0.575776
1.863404 	 -0.576705
1.876700 	 -0.577591
1.889996 	 -0.578435
1.903292 	 -0.579236
1.916587 	 -0.579995
1.929879 	 -0.580710
1.943168 	 -0.581382
1.956454 	 -0.582010
1.969735 	 -0.582595
1.983011 	 -0.583136
1.996279 	 -0.583633
2.009541 	 -0.584085
2.022794 	 -0.584493
2.036039 	 -0.584857
2.049274 	 -0.585176
2.062498 	 -0.585450
2.075711 	 -0.585679
2.088911 	 -0.585863
2.102098 	 -0.586001
2.115271 	 -0.586095
2.128429 	 -0.586142
2.141571 	 -0.586144
2.154697 	 -0.586100
2.167805 	 -0.586010
2.180895 	 -0.585874
2.193965 	 -0.585693
2.207015 	 -0.585464
2.220044 	 -0.585190
2.233052 	 -0.584869
2.246037 	 -0.584501
2.258998 	 -0.584087
2.271935 	 -0.583627
2.284846 	 -0.583119
2.297731 	 -0.582565
2.310589 	 -0.581964
2.323420 	 -0.581317
2.336222 	 -0.580622
2.348994 	 -0.579880
2.361735 	 -0.579091
2.374446 	 -0.578256
2.387124 	 -0.577373
2.399769 	 -0.576443
2.412380 	 -0.575466
2.424956 	 -0.574442
2.437498 	 -0.573371
2.450002 	 -0.572253
2.462470 	 -0.571088
2.474899 	 -0.569875
2.487289 	 -0.568616
2.499639 	 -0.567309
2.511948 	 -0.565956
2.524216 	 -0.564555
2.536443 	 -0.563108
2.548625 	 -0.561613
2.560763 	 -0.560072
2.572857 	 -0.558484
2.584905 	 -0.556849
2.596906 	 -0.555168
2.608860 	 -0.553440
2.620766 	 -0.551665
2.632623 	 -0.549844
2.644430 	 -0.547977
2.656186 	 -0.546063
2.667891 	 -0.544103
2.679543 	 -0.542097
2.691143 	 -0.540045
2.702688 	 -0.537948
2.714179 	 -0.535804
2.725614 	 -0.533615
2.736994 	 -0.531380
2.748315 	 -0.529100
2.759579 	 -0.526775
2.770784 	 -0.524404
2.781930 	 -0.521989
2.793015 	 -0.519529
2.804040 	 -0.517024
2.815002 	 -0.514475
2.825903 	 -0.511882
2.836738 	 -0.509244
2.847511 	 -0.506562
2.858218 	 -0.503837
2.868860 	 -0.501068
2.879436 	 -0.498256
2.889944 	 -0.495400
2.900384 	 -0.492502
2.910756 	 -0.489560
2.921058 	 -0.486576
2.931291 	 -0.483550
2.941452 	 -0.480482
2.951542 	 -0.477371
2.961560 	 -0.474219
2.971503 	 -0.471026
2.981375 	 -0.467791
2.991171 	 -0.464516
3.000891 	 -0.461199
3.010537 	 -0.457843
3.020106 	 -0.454445
3.029597 	 -0.451008
3.039011 	 -0.447532
3.048346 	 -0.444016
3.057602 	 -0.440461
3.066779 	 -0.436867
3.075874 	 -0.433234
3.084888 	 -0.429563
3.093821 	 -0.425855
3.102671 	 -0.422108
3.111437 	 -0.418324
3.120120 	 -0.414503
3.128719 	 -0.410646
3.137232 	 -0.406752
3.145660 	 -0.402821
3.154001 	 -0.398855
3.162256 	 -0.394854
3.170424 	 -0.390817
3.178503 	 -0.386746
3.186493 	 -0.382640
3.194395 	 -0.378500
3.202206 	 -0.374326
3.209927 	 -0.370119
3.217558 	 -0.365878
3.225096 	 -0.361605
3.232543 	 -0.357300
3.239897 	 -0.352963
3.247159 	 -0.348594
3.254325 	 -0.344194
3.261399 	 -0.339763
3.268377 	 -0.335301
3.275261 	 -0.330809
3.282048 	 -0.326288
3.288740 	 -0.321737
3.295334 	 -0.317158
3.301832 	 -0.312550
3.308232 	 -0.307914
3.314534 	 -0.303250
3.320737 	 -0.298558
3.326841 	 -0.293840
3.332846 	 -0.289096
3.338751 	 -0.284325
3.344555 	 -0.279528
3.350260 	 -0.274707
3.355863 	 -0.269861
3.361363 	 -0.264990
3.366762 	 -0.260095
3.372059 	 -0.255177
3.377252 	 -0.250235
3.382343 	 -0.245271
3.387330 	 -0.240285
3.392213 	 -0.235277
3.396991 	 -0.230248
3.401666 	 -0.225198
3.406235 	 -0.220127
3.410699 	 -0.215036
3.415058 	 -0.209926
3.419310 	 -0.204797
3.423455 	 -0.199650
3.427495 	 -0.194484
3.431427 	 -0.189300
3.435253 	 -0.184100
3.438971 	 -0.178882
3.442581 	 -0.173649
3.446083 	 -0.168399
3.449477 	 -0.163134
3.452762 	 -0.157855
3.455939 	 -0.152561
3.459007 	 -0.147253
3.461965 	 -0.141932
3.464814 	 -0.136597
3.467554 	 -0.131251
3.470183 	 -0.125892
3.472703 	 -0.120522
3.475111 	 -0.115141
3.477411 	 -0.109750
3.479599 	 -0.104348
3.481676 	 -0.098937
3.483643 	 -0.093517
3.485498 	 -0.088088
3.487243 	 -0.082652
3.488875 	 -0.077208
3.490397 	 -0.071756
3.491807 	 -0.066299
3.493107 	 -0.060835
3.494293 	 -0.055365
3.495368 	 -0.049891
3.496331 	 -0.044412
3.497182 	 -0.038929
3.497921 	 -0.033443
3.498548 	 -0.027953
3.499063 	 -0.022461
3.499465 	 -0.016967
3.499755 	 -0.011471
3.499934 	 -0.005974
3.499999 	 -0.000477
